133.759 35.4066 0.0186517 0.675265 0.197537 0.703565
133.941 35.4509 0.0177649 0.663921 0.192866 0.691366
133.882 35.4234 0.0327612 0.667901 0.194458 0.695633
133.995 35.36 -0.06737 0.662977 0.19219 0.690272
133.975 35.4619 0.0237772 0.661571 0.191925 0.688848
133.822 35.4616 0.0127088 0.670501 0.195666 0.698467
133.748 35.3756 -0.00413427 0.676615 0.198019 0.704996
133.736 35.4922 0.0277461 0.674765 0.197569 0.703094
133.944 35.2862 -0.0116568 0.667486 0.193882 0.695074
133.747 35.3831 0.0065789 0.676457 0.197974 0.704831
133.942 35.3162 -0.0311972 0.667047 0.193768 0.694621
133.83 35.4491 0.00596108 0.670326 0.195557 0.698269
133.783 35.4769 0.0230888 0.672405 0.196521 0.700535
133.776 35.3612 -0.0192962 0.675369 0.19744 0.703638
133.929 35.4431 0.0164891 0.664757 0.193199 0.692262
133.814 35.4066 0.0146048 0.672162 0.196217 0.700216
133.76 35.4897 0.0230573 0.673432 0.196995 0.701654
133.832 35.4575 0.0163121 0.669984 0.195441 0.697908
133.939 35.3875 -0.0634459 0.665519 0.193342 0.693035
133.879 35.4428 0.0566733 0.667653 0.194412 0.695382
133.811 35.4506 0.00289489 0.671357 0.196002 0.699383
133.85 35.4578 0.0391145 0.66897 0.195015 0.696815
133.896 35.3172 0.0144424 0.669537 0.194835 0.69731
133.826 35.3716 -0.0226104 0.672386 0.196192 0.700425
133.883 35.3588 -0.0360338 0.669346 0.194878 0.697139
133.95 35.2906 -0.0408588 0.667033 0.193706 0.69459
133.879 35.28 -0.0335985 0.671587 0.195565 0.699481
133.95 35.4459 0.0213086 0.66351 0.192674 0.690919
133.856 35.4891 0.0424148 0.667925 0.194663 0.695714
133.923 35.4506 0.0322581 0.664894 0.193282 0.692417
133.998 35.4738 0.0107491 0.66001 0.191303 0.687176
133.806 35.3928 0.00277437 0.672904 0.196492 0.701006
133.927 35.4534 0.0309659 0.664624 0.193174 0.692128
133.856 35.4447 0.0388634 0.668885 0.19494 0.696713
133.882 35.46 0.0550433 0.667028 0.194203 0.694724
133.788 35.4584 0.0132747 0.67249 0.196504 0.700611
133.943 35.46 0.0263495 0.663633 0.192764 0.691062
133.846 35.4553 0.0378034 0.669195 0.195103 0.697057
133.754 35.4919 0.0253245 0.673707 0.197118 0.701952
133.887 35.4356 0.0462123 0.667378 0.194274 0.69508
133.811 35.4728 0.0178812 0.670837 0.195846 0.698841
133.834 35.3547 -0.0177373 0.672299 0.196104 0.700316
133.916 35.3578 -0.0395894 0.667499 0.194096 0.695146
133.859 35.3559 -0.0192333 0.670789 0.19548 0.698692
133.963 35.48 0.0210532 0.661953 0.192128 0.689271
133.903 35.2922 -0.0309363 0.669881 0.194883 0.697653
133.935 35.4159 -0.0120988 0.665052 0.193239 0.692557
133.866 35.3687 -0.0261262 0.670142 0.195236 0.698003
133.931 35.3066 -0.0692894 0.667919 0.194103 0.695552
133.865 35.3394 -0.0134205 0.670931 0.195476 0.698827
133.834 35.31 -0.0244437 0.673272 0.196387 0.701329
133.802 35.3519 -0.0191547 0.674188 0.196898 0.702352
133.891 35.4275 0.0315703 0.667296 0.194215 0.694985
133.961 35.4681 0.0230087 0.662421 0.192281 0.689763
133.957 35.3738 -0.048965 0.664675 0.192966 0.692119
133.75 35.4678 0.0220662 0.674437 0.197359 0.70272
133.895 35.4069 -0.0102369 0.667494 0.194249 0.695184
133.912 35.35 -0.0320501 0.667851 0.194221 0.695519
133.83 35.3116 -0.00566617 0.673401 0.196457 0.701473
133.919 35.44 0.0238039 0.665383 0.193454 0.692935
133.969 35.3787 -0.0459725 0.664031 0.192692 0.691424
133.899 35.4269 0.0249662 0.666928 0.194053 0.694586
133.984 35.3869 -0.0500335 0.663043 0.192292 0.690364
133.944 35.45 0.0199867 0.663795 0.192805 0.691229
133.835 35.3581 -0.0154476 0.672149 0.196053 0.700158
133.962 35.4141 -0.0320222 0.663732 0.192657 0.691128
133.956 35.3169 -0.0478979 0.666219 0.193425 0.69373
133.901 35.3581 -0.0471549 0.668276 0.194429 0.695985
133.844 35.4309 0.0124726 0.669888 0.195327 0.697784
133.986 35.4822 0.0163078 0.660451 0.191517 0.687659
133.974 35.3069 -0.0328067 0.665392 0.193048 0.69283
133.787 35.3981 0.0104913 0.673867 0.196918 0.70205
133.958 35.3687 -0.0471794 0.664796 0.192992 0.692242
133.886 35.4087 0.00794006 0.668058 0.194481 0.69579
133.991 35.465 0.00955182 0.660574 0.191519 0.687777
133.768 35.3272 -0.0140206 0.67667 0.197884 0.705011
133.839 35.4722 0.0282799 0.669276 0.195185 0.697157
133.778 35.4778 0.0258015 0.672634 0.196622 0.700783
133.861 35.4169 0.0171544 0.669245 0.195008 0.697077
133.984 35.4109 -0.04052 0.662408 0.192103 0.689702
133.87 35.3703 -0.0491002 0.669843 0.195116 0.697682
133.871 35.3597 -0.0275159 0.670005 0.195158 0.69785
133.954 35.2991 -0.0517935 0.666723 0.19359 0.69426
133.856 35.3475 -0.025576 0.671169 0.195611 0.699093
133.912 35.48 0.0393851 0.664851 0.193347 0.692395
133.796 35.4369 0.0163712 0.672482 0.196441 0.700586
133.823 35.3113 -0.0273921 0.673826 0.196635 0.70193
133.717 35.4503 0.0157969 0.676712 0.198277 0.705162
133.769 35.4844 0.0233523 0.673033 0.19681 0.701219
133.732 35.4984 0.027399 0.674843 0.19762 0.703184
133.897 35.3513 -0.0371409 0.668725 0.194592 0.696462
133.971 35.4881 0.0221601 0.661279 0.191874 0.688554
133.946 35.4344 0.00425299 0.664086 0.192877 0.691529
133.862 35.4481 0.051746 0.6685 0.194783 0.696299
133.837 35.4641 0.0280498 0.669572 0.195287 0.697469
133.883 35.3534 -0.0331742 0.669482 0.194914 0.697279
133.812 35.3509 -0.0350069 0.673669 0.196667 0.701789
133.967 35.4175 -0.0200344 0.663319 0.192495 0.690686
133.761 35.3925 0.00535656 0.675478 0.197584 0.703783
133.929 35.3653 -0.0887478 0.666625 0.193742 0.694209
133.859 35.4119 0.017614 0.669451 0.195082 0.697296
133.746 35.4644 0.022821 0.674717 0.19747 0.70302
133.809 35.3878 -0.0115765 0.672877 0.196465 0.700972
133.812 35.4347 0.00551549 0.671601 0.196062 0.699634
133.972 35.4247 -0.0221161 0.662887 0.192334 0.690225
133.911 35.4303 0.021384 0.666171 0.193739 0.693771
133.866 35.3144 -0.00605524 0.671259 0.195559 0.699165
133.942 35.4016 -0.0473657 0.664889 0.193137 0.692372
133.958 35.4259 -0.0099276 0.663606 0.192647 0.691003
133.848 35.3844 -0.000494728 0.670686 0.195524 0.698606
133.798 35.3625 -0.0199522 0.674109 0.196908 0.702279
133.961 35.4353 -0.00167194 0.663114 0.192478 0.690484
133.835 35.3616 -0.0134466 0.672027 0.196016 0.70003
133.772 35.4603 0.0136876 0.673364 0.196882 0.701557
133.778 35.3837 -0.000461261 0.674707 0.197233 0.702944
133.89 35.3831 -0.0804588 0.668317 0.194525 0.696051
133.834 35.3775 -0.0159198 0.67183 0.195969 0.699828
133.913 35.3434 -0.000980053 0.668017 0.194264 0.69569
133.769 35.4631 0.011545 0.673482 0.196941 0.701686
133.762 35.3684 -0.0143204 0.675921 0.197705 0.704242
133.869 35.4537 0.0573041 0.667922 0.194564 0.695683
133.962 35.3747 -0.0648783 0.6644 0.192851 0.691823
133.909 35.395 -0.0521857 0.667004 0.193999 0.694643
133.914 35.3997 -0.0461975 0.666553 0.193834 0.694165
133.802 35.4409 0.0104221 0.672069 0.196277 0.700144
133.852 35.4425 0.0338999 0.669189 0.195064 0.697039
133.936 35.2875 -0.0173436 0.667903 0.194063 0.695524
133.996 35.4472 0.00281775 0.660722 0.191525 0.687922
133.829 35.4941 0.024146 0.669399 0.195296 0.697306
133.825 35.3919 -0.00361294 0.671903 0.196055 0.699922
133.976 35.3806 -0.0501833 0.663556 0.192499 0.690914
133.862 35.3419 -0.023298 0.671033 0.195527 0.698939
133.787 35.4625 0.00924276 0.672451 0.196497 0.700572
133.864 35.4934 0.0439997 0.667329 0.194424 0.695074
133.767 35.4503 0.0227877 0.673862 0.197063 0.702085
133.936 35.4409 0.00857173 0.664397 0.193039 0.691872
133.961 35.4666 0.0231913 0.662417 0.192275 0.689758
133.825 35.3069 -0.0183515 0.673798 0.196608 0.701897
133.898 35.2959 -0.0399481 0.670131 0.194997 0.697925
133.877 35.2922 -0.0267687 0.671457 0.195537 0.699349
133.975 35.4797 0.0225358 0.661135 0.1918 0.688394
133.932 35.4325 0.00234288 0.664888 0.193214 0.692393
133.956 35.4094 -0.0266784 0.664003 0.192777 0.691421
133.747 35.5 0.0223601 0.673915 0.197229 0.702183
133.923 35.4753 0.0381052 0.664351 0.193124 0.691852
133.855 35.3672 -0.0181072 0.670704 0.195484 0.698612
133.976 35.3625 -0.0541969 0.664025 0.192639 0.691404
133.785 35.3616 -0.0174177 0.674882 0.197231 0.703112
133.709 35.4494 -0.00346271 0.6772 0.198482 0.705688
133.874 35.3987 -0.0198234 0.66888 0.194809 0.696671
133.885 35.3356 -0.0265935 0.669891 0.195023 0.697701
133.926 35.4425 0.0166049 0.664911 0.193264 0.692429
133.736 35.4975 0.0304857 0.674637 0.19753 0.70296
133.814 35.41 0.0155947 0.672097 0.196198 0.700148
133.748 35.4506 0.00810112 0.67493 0.197519 0.703239
133.727 35.4744 0.0359981 0.675663 0.1979 0.704049
133.911 35.3353 -0.0747627 0.668398 0.194394 0.696093
133.764 35.4775 0.0236955 0.673431 0.196959 0.701642
133.705 35.4934 0.0220288 0.676457 0.198295 0.704922
133.956 35.3691 -0.0565079 0.664894 0.193038 0.692349
133.91 35.3103 -0.0351354 0.669011 0.194577 0.696733
133.838 35.4981 0.0294158 0.668791 0.195052 0.696654
133.893 35.3894 -0.0718706 0.668004 0.194407 0.695718
133.996 35.4497 0.00380816 0.660696 0.191521 0.687895
133.882 35.4756 0.0489113 0.666702 0.194112 0.694385
133.963 35.3622 -0.0451538 0.664762 0.192952 0.692199
133.72 35.4322 0.00332777 0.67695 0.198324 0.705403
133.879 35.4234 0.0369484 0.668065 0.194533 0.695812
133.748 35.4294 0.0164925 0.675391 0.197656 0.703719
133.939 35.3584 -0.0557423 0.666266 0.193566 0.693815
133.782 35.4647 0.0110124 0.672745 0.19663 0.700891
133.823 35.3019 -0.0152319 0.674063 0.1967 0.702176
133.929 35.3813 -0.0609908 0.666138 0.193602 0.693701
133.958 35.3012 -0.0379526 0.666351 0.193446 0.693862
133.755 35.3647 -0.0124367 0.676434 0.197913 0.704792
133.87 35.3328 -0.0105695 0.670765 0.195392 0.698645
133.764 35.4866 0.0236935 0.673277 0.19692 0.701484
133.738 35.4822 0.02498 0.674871 0.197585 0.7032
133.93 35.3197 -0.0305241 0.667723 0.194054 0.695349
133.781 35.4875 0.0252371 0.672284 0.1965 0.700413
133.762 35.4853 0.0232764 0.673416 0.196976 0.701633
133.722 35.4669 0.0154017 0.676063 0.198049 0.704475
133.789 35.4472 0.0186859 0.672736 0.196567 0.700866
133.896 35.4537 0.050288 0.666451 0.193934 0.694094
133.839 35.4919 0.0326286 0.668815 0.195045 0.696675
133.93 35.3744 -0.0566997 0.666282 0.193637 0.693849
133.784 35.4825 0.0265651 0.672202 0.196451 0.700321
133.925 35.3762 -0.0628115 0.666445 0.193714 0.694027
133.869 35.37 -0.0280375 0.669923 0.195151 0.697768
133.871 35.3591 -0.0253188 0.670041 0.195172 0.697888
133.846 35.4897 0.0385959 0.668475 0.194896 0.696307
133.839 35.4294 0.0104142 0.670203 0.195456 0.698123
133.941 35.4853 0.0188153 0.663075 0.192615 0.690484
133.989 35.4731 0.0180686 0.660506 0.191516 0.687711
133.903 35.4325 0.0270884 0.666603 0.193925 0.694238
133.984 35.4072 -0.0173038 0.662445 0.192114 0.68974
133.899 35.4366 0.0363335 0.66675 0.194001 0.6944
133.991 35.4194 -0.0227313 0.661874 0.191902 0.689132
133.882 35.3747 -0.0722441 0.668988 0.194783 0.696768
133.961 35.4756 0.023711 0.662207 0.19222 0.689541
133.94 35.4394 0.00720665 0.664226 0.19296 0.691686
133.968 35.3128 -0.0425284 0.66556 0.193141 0.693018
133.971 35.3053 -0.0331996 0.665623 0.193142 0.693079
133.98 35.3578 -0.0520207 0.663861 0.192556 0.691223
133.788 35.39 -0.00165728 0.673992 0.196947 0.702178
133.868 35.4975 0.0427903 0.667057 0.194321 0.694785
133.981 35.3006 -0.013862 0.66516 0.192934 0.692576
133.752 35.405 0.0157503 0.675696 0.197716 0.704029
133.83 35.4575 0.0119759 0.670099 0.195491 0.698032
133.92 35.375 -0.0613152 0.666853 0.193873 0.694464
133.962 35.3731 -0.0518309 0.664425 0.192858 0.691849
133.921 35.305 -0.0969018 0.668547 0.194361 0.696227
133.696 35.4978 0.0235571 0.676881 0.198491 0.705384
133.799 35.3141 -0.0139928 0.675117 0.197194 0.703327
133.805 35.3581 -0.0167607 0.673849 0.196775 0.701992
133.877 35.3219 -0.0225689 0.670716 0.195325 0.698578
133.896 35.4122 0.00225976 0.66735 0.1942 0.695032
133.882 35.4294 0.0444059 0.667843 0.194448 0.695575
133.811 35.4409 0.00471903 0.67153 0.196049 0.699563
133.851 35.4988 0.0344498 0.66798 0.194713 0.695781
133.99 35.4763 0.0135045 0.660425 0.191485 0.687624
133.78 35.4966 0.0198202 0.672147 0.196467 0.700272
133.826 35.3269 0.0102867 0.673311 0.196463 0.701388
133.817 35.3131 -0.0288793 0.674111 0.196762 0.70224
133.949 35.2987 -0.0262142 0.666969 0.193693 0.694525
133.9 35.4978 0.0333606 0.665223 0.193547 0.692807
133.751 35.4106 0.0176799 0.675663 0.197716 0.703997
133.966 35.4187 -0.0208809 0.663365 0.19252 0.690737
133.846 35.4697 0.0316993 0.668934 0.195033 0.696786
133.783 35.4172 0.0173988 0.673657 0.196884 0.701838
133.754 35.5 0.0207898 0.673528 0.197065 0.701766
133.939 35.2956 -0.0241255 0.667636 0.193963 0.695241
133.989 35.4325 -0.011289 0.661637 0.191846 0.688889
133.875 35.4881 0.0458999 0.6668 0.194188 0.694501
133.846 35.3634 -0.0198424 0.67122 0.195695 0.699165
133.746 35.3647 -0.00451883 0.676936 0.198126 0.705334
133.958 35.4994 0.0187195 0.661765 0.192106 0.689084
133.898 35.4078 -0.0127205 0.667265 0.194156 0.694938
133.911 35.4375 0.0308309 0.665978 0.193685 0.693571
133.845 35.4422 0.0257133 0.669556 0.195219 0.697435
133.955 35.39 -0.0567333 0.664605 0.192957 0.69205
133.854 35.4525 0.043559 0.668805 0.194931 0.696633
133.977 35.4981 0.0243919 0.660615 0.19163 0.687847
133.861 35.4444 0.0507661 0.668645 0.194832 0.696452
133.955 35.4612 0.0284998 0.662957 0.192482 0.690334
133.827 35.3884 -0.010204 0.671936 0.196052 0.699953
133.948 35.2916 -0.0299695 0.667138 0.193754 0.694704
133.808 35.4631 0.0136398 0.671264 0.195998 0.699293
133.986 35.4081 -0.0500336 0.662367 0.192083 0.689656
133.754 35.4291 0.0165845 0.675074 0.19752 0.703376
133.896 35.4531 0.0494647 0.666435 0.193927 0.694077
133.869 35.4672 0.0554888 0.667636 0.19448 0.695385
133.718 35.4297 -0.0137583 0.677087 0.198378 0.70555
133.753 35.4403 0.0155532 0.674899 0.197476 0.703197
133.952 35.3028 -0.0257317 0.66677 0.193615 0.694312
133.899 35.3984 -0.0454017 0.66752 0.194222 0.695202
133.85 35.3691 -0.0216878 0.670895 0.195575 0.69882
133.88 35.45 0.0584305 0.667432 0.194341 0.695151
133.782 35.3675 -0.00725868 0.674872 0.197246 0.703106
133.935 35.3334 -0.03559 0.667224 0.193874 0.694821
133.961 35.4525 0.0254152 0.662674 0.192351 0.690026
133.896 35.3334 -0.0195514 0.669295 0.194765 0.697058
133.796 35.4856 0.0235416 0.671448 0.196141 0.69951
133.932 35.4872 0.0274864 0.663494 0.192801 0.690939
133.975 35.3062 -0.0305539 0.665385 0.193042 0.692823
133.764 35.3728 -0.0134864 0.675753 0.197646 0.704064
133.877 35.3016 -0.0184868 0.671175 0.195459 0.699057
133.888 35.4581 0.0485523 0.666744 0.194075 0.694416
133.88 35.3506 -0.0307405 0.669739 0.195012 0.697553
133.889 35.4225 0.0289137 0.667575 0.194317 0.695281
133.909 35.3194 -0.0299459 0.668958 0.194571 0.696679
133.711 35.4487 0.0258642 0.677125 0.198447 0.705605
133.939 35.4572 0.0217515 0.663907 0.192875 0.691356
133.768 35.355 -0.0170049 0.675995 0.197686 0.704308
133.825 35.3481 -0.0202764 0.672961 0.196365 0.701025
133.993 35.3644 -0.0433285 0.663008 0.192217 0.690309
133.716 35.4781 0.0305046 0.676183 0.198133 0.704614
133.786 35.4019 0.0142687 0.67386 0.196925 0.702045
133.793 35.3803 -0.00505103 0.673935 0.196889 0.702106
133.789 35.4047 0.0140622 0.673598 0.196822 0.701765
133.909 35.4038 -0.0339876 0.66676 0.193929 0.69439
133.95 35.4378 0.00733729 0.663745 0.192746 0.691164
133.989 35.4634 0.00834891 0.66067 0.191556 0.687879
133.82 35.4162 0.00719359 0.671625 0.196011 0.699643
133.776 35.4291 0.0205491 0.673808 0.19698 0.70201
133.759 35.4728 0.0192402 0.67381 0.197108 0.702048
133.801 35.3872 -0.00549063 0.673311 0.196648 0.70144
133.834 35.3325 0.00476055 0.672717 0.196229 0.700752
133.958 35.4878 0.0188524 0.662096 0.192203 0.68943
133.968 35.4684 0.0242364 0.661889 0.192071 0.689194
133.758 35.4272 0.0177553 0.674874 0.197429 0.703159
133.759 35.4044 0.0151717 0.675328 0.197557 0.703631
133.938 35.3253 -0.0428571 0.667132 0.193824 0.694718
133.839 35.3741 -0.0125741 0.671607 0.195868 0.699586
133.73 35.4481 0.011371 0.676022 0.197978 0.704415
133.765 35.35 -0.0331686 0.676191 0.19776 0.704516
133.871 35.3703 -0.0394888 0.669789 0.195095 0.697624
133.967 35.4162 -0.0312776 0.663375 0.192512 0.690744
133.814 35.3066 -0.0200899 0.674441 0.196877 0.702589
133.814 35.4947 0.0202713 0.670191 0.195633 0.698161
133.921 35.4459 0.028414 0.665061 0.193338 0.692594
133.807 35.4591 0.0093153 0.671411 0.19605 0.699449
133.827 35.3156 -0.0240893 0.673502 0.19651 0.701584
133.761 35.4553 0.0187713 0.674121 0.197188 0.70237
133.875 35.4872 0.0467867 0.666845 0.194204 0.694548
133.827 35.485 0.0208256 0.669716 0.195404 0.69764
133.865 35.3631 -0.0252645 0.670311 0.195291 0.69818
133.751 35.3594 -0.0297222 0.676771 0.198041 0.705152
133.96 35.4447 0.0227197 0.662913 0.19243 0.690278
133.932 35.4716 0.0325137 0.663931 0.192934 0.691396
133.931 35.3247 -0.0307911 0.667568 0.194002 0.695186
133.883 35.4172 0.0192916 0.667954 0.194468 0.695687
133.848 35.3634 -0.014316 0.671103 0.195646 0.69904
133.927 35.3319 -0.0435235 0.667642 0.194054 0.695272
133.954 35.3709 -0.0512064 0.664931 0.193062 0.692392
133.986 35.2816 -0.0691863 0.665353 0.192955 0.692768
133.882 35.4334 0.0466782 0.667771 0.194426 0.695499
133.928 35.3953 -0.0468671 0.665953 0.193554 0.69351
133.82 35.4706 0.0144736 0.670402 0.195652 0.698369
133.773 35.4909 0.0224318 0.672652 0.196666 0.700812
133.868 35.2972 0.00175927 0.671769 0.195694 0.699693
133.927 35.4275 0.00900915 0.665281 0.193367 0.692813
133.77 35.4131 0.0202765 0.674523 0.197241 0.70277
133.866 35.3175 -0.00677739 0.671197 0.195541 0.699101
133.977 35.4009 -0.0400733 0.662998 0.192328 0.690331
133.98 35.4356 -0.00734182 0.662073 0.192034 0.68936
133.852 35.4988 0.0355227 0.667937 0.194694 0.695734
133.83 35.3619 -0.0245413 0.672434 0.196174 0.700465
133.974 35.4209 -0.0253266 0.662876 0.192318 0.690211
133.989 35.3875 -0.0324242 0.662806 0.192183 0.690106
133.823 35.4937 0.0223267 0.669716 0.19543 0.697648
133.889 35.3456 -0.029111 0.66939 0.194845 0.697172
133.729 35.4759 0.035603 0.675459 0.197818 0.70383
133.98 35.4672 0.0183919 0.661168 0.191769 0.688417
133.728 35.4441 0.0133088 0.676242 0.198057 0.704648
133.986 35.3044 -0.0221292 0.664698 0.192756 0.692082
133.802 35.3472 -0.015446 0.674298 0.196928 0.702466
133.777 35.3984 0.0123282 0.674459 0.197169 0.702688
133.939 35.3894 -0.0632874 0.665548 0.19335 0.693065
133.959 35.4931 0.0159491 0.661864 0.192126 0.689186
133.989 35.4856 0.0168545 0.66023 0.191435 0.687424
133.864 35.3181 0.0297975 0.671319 0.195594 0.699232
133.893 35.3225 -0.024431 0.669637 0.194886 0.69742
133.839 35.4409 0.0118764 0.669967 0.195389 0.697878
133.826 35.3272 -0.0070158 0.673277 0.196449 0.701352
133.796 35.3903 0.00148855 0.673546 0.196755 0.701696
133.777 35.4569 0.0135389 0.673188 0.196797 0.701364
133.768 35.4659 0.0141558 0.673498 0.196956 0.701706
133.947 35.2828 -0.0265282 0.667424 0.193841 0.695003
133.947 35.49 0.0162587 0.662628 0.192438 0.690006
133.839 35.4916 0.03231 0.668825 0.195048 0.696685
133.752 35.3987 -1.8173e-05 0.675855 0.197763 0.704195
133.788 35.4822 0.025274 0.671967 0.196351 0.700067
133.9 35.3469 -0.0276527 0.66866 0.194552 0.696388
133.868 35.4516 0.0573424 0.668017 0.194597 0.695784
133.958 35.3044 -0.0168235 0.666341 0.193446 0.693853
133.861 35.4975 0.0419933 0.667467 0.194493 0.695226
133.956 35.3047 -0.0390626 0.66647 0.193499 0.693991
133.851 35.3009 -0.0144811 0.67271 0.196098 0.700709
133.776 35.3712 -0.0227727 0.675113 0.197365 0.703371
133.718 35.4562 0.0240687 0.676571 0.198234 0.705014
133.986 35.4072 -0.0313535 0.662336 0.192069 0.689623
133.877 35.4491 0.0614496 0.667605 0.194415 0.695337
133.736 35.435 0.00969172 0.675997 0.197927 0.704377
133.731 35.4131 0.00755826 0.676721 0.198175 0.705142
133.814 35.4616 0.00695953 0.670975 0.19587 0.698979
133.829 35.3219 -0.01331 0.673194 0.196408 0.701261
133.879 35.4106 0.0132077 0.668322 0.194609 0.696079
133.91 35.4588 0.0437839 0.665413 0.193525 0.692983
133.827 35.3081 -0.0156793 0.6737 0.196572 0.701792
133.742 35.4553 0.0185763 0.675183 0.197643 0.703516
133.921 35.3894 -0.0666567 0.66638 0.19373 0.693969
133.931 35.4256 -0.00259587 0.665097 0.193281 0.692613
133.79 35.3766 -0.00529416 0.674258 0.19701 0.70245
133.912 35.4772 0.0397208 0.664863 0.193347 0.692406
133.864 35.3466 -0.0218953 0.670838 0.195457 0.698732
133.976 35.3741 -0.0619709 0.663704 0.192546 0.69107
133.954 35.3362 -0.0390492 0.666016 0.193378 0.693521
133.816 35.3328 -0.045724 0.673922 0.196716 0.702046
133.957 35.4537 0.0261837 0.662961 0.192466 0.690334
133.758 35.3606 -0.00777158 0.67637 0.197871 0.704719
133.887 35.4428 0.0568015 0.667131 0.194197 0.694822
133.81 35.4544 0.00298505 0.671318 0.195996 0.699344
133.93 35.3322 -0.0402569 0.667488 0.193983 0.695104
133.812 35.4559 0.00305268 0.671159 0.195933 0.699174
133.769 35.4709 0.0206707 0.673301 0.196886 0.701497
133.812 35.3572 -0.021962 0.673462 0.196607 0.701573
133.949 35.4766 0.0243904 0.662932 0.192517 0.690319
133.957 35.28 -0.0392169 0.667041 0.19366 0.694584
133.757 35.4694 0.0179891 0.674017 0.197186 0.702269
133.925 35.4363 0.0142245 0.6651 0.193322 0.692627
133.803 35.4144 0.0230137 0.672603 0.196428 0.700698
133.995 35.3622 -0.0588266 0.662957 0.192188 0.690252
133.838 35.4138 -0.00629584 0.670682 0.195604 0.698624
133.796 35.3909 0.00262313 0.673541 0.196756 0.701691
133.886 35.4 -0.0331484 0.668199 0.194519 0.695936
133.868 35.3041 -0.0314853 0.671552 0.195637 0.699469
133.923 35.3172 -0.0372017 0.668174 0.194239 0.695834
133.739 35.4147 0.0086902 0.676259 0.197982 0.704644
133.868 35.4953 0.0435042 0.667104 0.194335 0.694834
133.741 35.4434 0.012439 0.675498 0.197739 0.703845
133.948 35.3953 -0.0426214 0.664816 0.19307 0.692283
133.75 35.4709 0.0224733 0.674389 0.197349 0.702671
133.986 35.4744 0.0192326 0.660591 0.191558 0.687804
133.834 35.355 -0.0197672 0.672301 0.196106 0.700319
133.81 35.4228 0.0103615 0.671994 0.196194 0.700049
133.819 35.3578 -0.025352 0.673129 0.196459 0.701213
133.819 35.335 -0.0294492 0.673728 0.196638 0.701838
133.982 35.4438 0.0012878 0.661671 0.191905 0.688938
133.836 35.3497 -0.0296698 0.672174 0.196051 0.700181
133.924 35.3306 -0.0354403 0.667802 0.19412 0.695444
133.984 35.3263 -0.0264604 0.664346 0.192669 0.69172
133.855 35.4084 0.0177287 0.669764 0.195208 0.697632
133.798 35.3431 -0.0138756 0.674645 0.197065 0.702837
133.789 35.4347 0.017306 0.672922 0.196621 0.701059
133.794 35.4022 0.0120799 0.673362 0.196715 0.701507
133.871 35.4438 0.0569996 0.668043 0.194581 0.695804
133.809 35.4084 0.018429 0.672358 0.196307 0.700429
133.896 35.3197 -0.0286197 0.669549 0.194837 0.697322
133.975 35.4112 -0.0419219 0.662901 0.192315 0.690234
133.861 35.4712 0.0372023 0.668035 0.19466 0.695818
133.96 35.3997 -0.0356636 0.663964 0.192738 0.691372
133.735 35.4225 0.00618353 0.676321 0.198029 0.704717
133.877 35.3937 -0.0416582 0.66882 0.194766 0.696602
133.97 35.3256 -0.0349114 0.665241 0.193033 0.692682
133.937 35.3766 -0.0581637 0.665745 0.193425 0.693275
133.947 35.3784 -0.0544161 0.665153 0.193177 0.692637
133.786 35.4634 0.00717621 0.672505 0.196524 0.700632
133.963 35.3738 -0.048779 0.66431 0.192813 0.691726
133.795 35.3475 -0.0267868 0.674655 0.197088 0.702854
133.953 35.3672 -0.036991 0.665102 0.193119 0.692571
133.872 35.3038 0.00249906 0.671303 0.195528 0.699199
133.773 35.4678 0.0177027 0.673156 0.196815 0.701338
133.875 35.2994 -0.0111021 0.671268 0.195495 0.699156
133.932 35.4425 0.0140655 0.664597 0.193129 0.69209
133.843 35.44 0.0140564 0.669755 0.195297 0.697648
133.946 35.4544 0.0242658 0.663629 0.19274 0.691051
133.863 35.4747 0.0399384 0.667909 0.19461 0.695684
133.78 35.3994 0.0145758 0.67421 0.197065 0.70242
133.789 35.4841 0.0234573 0.67188 0.196319 0.699974
133.916 35.4706 0.0357034 0.664803 0.193301 0.692335
133.875 35.3572 -0.0303965 0.669854 0.195085 0.697684
133.937 35.3575 -0.0483541 0.666364 0.193606 0.693919
133.977 35.3891 -0.0495634 0.663478 0.192473 0.690832
133.894 35.2912 -0.0353099 0.670497 0.195134 0.698315
133.957 35.3691 -0.0755159 0.664873 0.193027 0.692326
133.74 35.4562 0.0193848 0.675258 0.197677 0.703598
133.879 35.3953 -0.0360156 0.668649 0.194703 0.69642
133.736 35.4513 0.0168621 0.67562 0.197816 0.703984
133.858 35.4059 0.0126299 0.669613 0.195141 0.697468
133.802 35.4016 0.0152842 0.67291 0.196522 0.70102
133.805 35.3819 -0.0111685 0.673188 0.196578 0.701303
133.891 35.3028 -0.05011 0.670447 0.195143 0.69827
133.766 35.3703 -0.0132777 0.675672 0.197605 0.703974
133.73 35.4619 0.0210997 0.67576 0.197905 0.704144
133.903 35.3872 -0.0681881 0.667564 0.194207 0.695239
133.73 35.4988 0.0255361 0.674895 0.197644 0.70324
133.86 35.4303 0.0358235 0.668968 0.194936 0.696791
133.863 35.34 -0.0195867 0.671006 0.195509 0.698908
133.758 35.4187 0.0195182 0.675078 0.197491 0.703372
133.787 35.4694 0.0103535 0.672346 0.196472 0.700465
133.961 35.3775 -0.0498036 0.664405 0.192855 0.691829
133.743 35.4666 0.0235383 0.674925 0.197563 0.703246
133.866 35.4819 0.0402222 0.667513 0.19447 0.695265
133.782 35.4438 0.0209597 0.673216 0.196767 0.701382
133.88 35.4891 0.0445507 0.666512 0.19407 0.694192
133.993 35.4197 -0.0234837 0.661715 0.191841 0.688963
133.885 35.4637 0.0537902 0.666806 0.194121 0.694488
133.81 35.4712 0.0163163 0.670946 0.195888 0.698957
133.966 35.4716 0.022901 0.66191 0.192092 0.68922
133.924 35.4006 -0.0388892 0.666013 0.1936 0.693581
133.836 35.3878 -0.00237547 0.671508 0.195861 0.699489
133.903 35.4409 0.0408803 0.66645 0.193884 0.69408
133.821 35.3759 -0.00864381 0.672499 0.196263 0.700553
133.834 35.3806 -0.0139742 0.671745 0.195941 0.699739
133.845 35.3628 -0.0183759 0.67131 0.195732 0.699263
133.863 35.4422 0.0504084 0.668587 0.1948 0.696388
133.848 35.4719 0.032868 0.668734 0.194955 0.696572
133.733 35.4378 0.0123607 0.676103 0.19798 0.704494
133.956 35.4456 0.0244554 0.663139 0.192524 0.690521
133.751 35.3959 0.00675647 0.675974 0.197805 0.704321
133.841 35.4606 0.0329552 0.669417 0.195212 0.697299
133.788 35.3891 -0.000977143 0.674006 0.19695 0.702192
133.857 35.3959 0.00166816 0.669863 0.195218 0.69773
133.857 35.4628 0.0411457 0.668414 0.194793 0.69622
133.808 35.4284 0.00737868 0.671983 0.196206 0.700041
133.939 35.3522 -0.0533529 0.66631 0.193572 0.693858
133.965 35.4 -0.0361277 0.663633 0.192601 0.691016
133.804 35.3266 -0.0345316 0.674627 0.197009 0.702805
133.99 35.4244 -0.0222295 0.66181 0.19189 0.689068
133.943 35.3778 -0.0567382 0.665389 0.193276 0.692892
133.793 35.445 0.0180173 0.672527 0.196479 0.700641
133.742 35.3741 0.0036749 0.676948 0.198156 0.705354
133.838 35.3738 -0.0159624 0.671668 0.195895 0.699652
133.924 35.4322 0.0127399 0.66531 0.193396 0.692849
133.889 35.3428 -0.0254694 0.669445 0.194859 0.697228
133.792 35.3819 -0.00773578 0.674028 0.196929 0.702208
133.865 35.3569 -0.0219483 0.670453 0.195335 0.698329
133.735 35.4841 0.0288299 0.674972 0.197633 0.70331
133.766 35.4394 0.0182065 0.674174 0.197165 0.702413
133.971 35.4906 0.022918 0.661162 0.191837 0.68843
133.825 35.3734 -0.0185187 0.672349 0.196184 0.700386
133.748 35.4044 0.0164219 0.675948 0.197822 0.704301
133.859 35.3284 -0.00836013 0.671475 0.195681 0.699406
133.999 35.4166 -0.0249987 0.661308 0.191677 0.688526
133.989 35.4253 -0.0199279 0.661779 0.191883 0.689036
133.938 35.3531 -0.0636873 0.666324 0.193585 0.693875
133.838 35.325 -0.000474499 0.672578 0.196155 0.700598
133.985 35.2941 -0.0488607 0.664961 0.192842 0.692359
133.859 35.4953 0.0412298 0.667633 0.194557 0.695404
133.958 35.4459 0.0267094 0.663017 0.192475 0.69039
133.97 35.4231 -0.0210011 0.663094 0.192412 0.690446
133.728 35.4612 0.0220513 0.675884 0.197955 0.704276
133.785 35.4787 0.024208 0.67224 0.196457 0.700359
134.036 35.4053 -0.0253353 0.659315 0.190824 0.686375
134.048 35.2166 -0.0129583 0.66277 0.19174 0.689948
134.032 35.4019 -0.0156551 0.659677 0.190962 0.686761
134.1 35.1638 -0.00856321 0.660933 0.190836 0.687932
134.089 35.2119 -0.00857864 0.660449 0.190771 0.687449
133.899 35.0881 -0.0034702 0.674109 0.196146 0.702065
133.87 35.1013 0.00245048 0.675731 0.196839 0.703816
134.064 35.2191 -0.0111327 0.661827 0.191357 0.688936
134.016 35.1291 -0.00870194 0.666505 0.193068 0.693905
134.021 35.4012 0.000689152 0.66027 0.191215 0.6874
134.05 35.4637 0.0105961 0.657007 0.190054 0.683943
134.034 35.1762 -0.0101341 0.664485 0.19235 0.691765
134.097 35.4288 -0.0066938 0.654987 0.189121 0.681744
134.027 35.4756 0.00276631 0.658168 0.190558 0.685199
133.961 35.1428 -0.0241621 0.669511 0.194349 0.697149
133.906 35.1797 -0.00563783 0.671813 0.195425 0.69966
134.051 35.1516 -0.00952801 0.664169 0.19213 0.6914
134.078 35.3925 -0.0209012 0.657154 0.189891 0.684039
134.004 35.1075 -0.0142145 0.667578 0.193463 0.695045
134.083 35.4506 -0.00515151 0.655334 0.189323 0.682134
134.042 35.4944 0.0157411 0.65675 0.190032 0.68369
133.99 35.2669 -0.0429233 0.665366 0.192925 0.692771
134.052 35.1959 -0.0141554 0.662988 0.191778 0.690168
133.821 35.5009 0.0212318 0.669684 0.195437 0.697619
133.989 35.515 0.0172841 0.659512 0.191223 0.686675
134.061 35.1484 -0.0100576 0.663553 0.191878 0.690738
133.954 35.1394 -0.000455092 0.669893 0.194513 0.697561
134.031 35.2178 -0.0251386 0.663776 0.192162 0.691032
133.914 35.0806 -0.00779175 0.673376 0.195819 0.701271
134.044 35.2078 -0.0184412 0.663129 0.191876 0.690331
134.088 35.1062 -0.00941147 0.662717 0.191441 0.689814
134.023 35.0991 -0.011087 0.666662 0.19306 0.694053
134.014 35.3953 -0.0205732 0.660895 0.191448 0.688066
134.076 35.52 0.019826 0.654083 0.189008 0.680844
134.096 35.4606 -0.00453956 0.654295 0.188931 0.681026
134.081 35.4125 -0.0122158 0.656493 0.189678 0.683345
134.096 35.3725 -0.0460665 0.656486 0.189565 0.683307
134.029 35.4038 -0.00701993 0.65973 0.190994 0.686821
133.908 35.2281 -0.0486941 0.670821 0.195123 0.698623
133.966 35.22 -0.054163 0.667814 0.193812 0.69537
134.077 35.5131 0.0221794 0.654213 0.189043 0.680979
134.091 35.4656 -0.00623149 0.654509 0.189023 0.681257
133.917 35.1128 0.00383051 0.672538 0.195552 0.700392
133.853 35.2537 -0.0132818 0.673645 0.196355 0.701678
133.91 35.1662 -0.0123867 0.672059 0.19547 0.699909
133.883 35.1609 -0.00549741 0.673601 0.196116 0.701569
134.099 35.1697 -0.00884089 0.6609 0.190833 0.6879
133.952 35.1178 -0.00518925 0.670455 0.194691 0.698151
133.932 35.2769 -0.0233656 0.668388 0.194236 0.696039
134 35.2244 -0.0311984 0.665659 0.19294 0.693057
134.058 35.4119 -0.0130166 0.657826 0.190231 0.68478
134.095 35.2297 -0.0103798 0.659803 0.190544 0.686766
134.059 35.4806 0.00875122 0.656081 0.189715 0.682959
133.837 35.1644 -0.00333405 0.67623 0.197233 0.704406
134.026 35.3428 -0.0319799 0.66158 0.191561 0.688755
134.022 35.4103 -0.0125632 0.659989 0.191124 0.687106
134.003 35.4 -0.0376752 0.661488 0.191701 0.688706
134.091 35.1544 -0.00825964 0.661557 0.19108 0.6886
134.089 35.4228 -0.00467819 0.655612 0.189365 0.682412
134.022 35.1209 -0.0129889 0.666313 0.192964 0.693691
134.075 35.2359 -0.046259 0.660929 0.191014 0.687977
133.87 35.1469 0.0110674 0.674681 0.196528 0.702722
133.89 35.2269 -0.0266459 0.671829 0.195548 0.699709
134.059 35.405 -0.0313596 0.657938 0.19026 0.684896
134.062 35.1481 -0.00923916 0.663508 0.191857 0.69069
134.016 35.2141 -0.0381568 0.664755 0.192554 0.692081
133.86 35.1416 -0.000377832 0.675327 0.196794 0.703416
133.944 35.1728 -0.0089853 0.669871 0.194576 0.697558
133.868 35.1031 0.00109396 0.67578 0.19687 0.703873
133.903 35.2406 -0.0274617 0.670932 0.195193 0.698749
134.029 35.195 -0.0124867 0.664329 0.192338 0.691612
134.097 35.2859 0.0247434 0.658441 0.190128 0.685342
133.944 35.1159 -0.00385241 0.670929 0.194883 0.69866
134.098 35.1653 -0.009003 0.661059 0.190882 0.688066
133.905 35.1122 0.00965598 0.673257 0.195852 0.701165
133.891 35.0856 -0.00187781 0.674626 0.196358 0.702621
133.987 35.1497 -0.0215707 0.667848 0.193665 0.695361
133.882 35.0803 -0.00312607 0.675241 0.1966 0.70328
133.97 35.1344 -0.0108604 0.669283 0.194217 0.696893
134.016 35.1453 -0.0179412 0.666283 0.193002 0.693674
134.023 35.4116 -0.0103691 0.659863 0.191079 0.686971
133.839 35.1206 -0.0123915 0.676906 0.197413 0.705105
133.982 35.2469 -0.0298426 0.666192 0.193223 0.693648
134.014 35.1581 -0.0167583 0.666128 0.192969 0.693515
134.001 35.4712 0.0117298 0.659919 0.191257 0.687075
134.002 35.2013 0.0091099 0.66603 0.19303 0.693438
133.9 35.2434 -0.0313951 0.671035 0.195244 0.698863
133.958 35.5159 0.0188967 0.66134 0.191984 0.688642
134.007 35.4606 0.0122942 0.659761 0.191165 0.686898
133.949 35.1638 0.00708859 0.669767 0.194508 0.697439
133.978 35.1831 -0.0117784 0.667636 0.193676 0.69516
134.073 35.3194 -0.0274221 0.659139 0.190506 0.686117
133.967 35.0806 -0.0262799 0.670334 0.194542 0.697993
134.032 35.1728 -0.00924327 0.664599 0.19239 0.691886
134.033 35.2078 -0.0161867 0.663889 0.192181 0.691146
133.895 35.2638 -0.00648863 0.670935 0.195252 0.698768
133.869 35.0991 0.00242596 0.675807 0.196869 0.703898
134.004 35.2272 -0.0459669 0.665324 0.192808 0.692699
134.04 35.0841 -0.0176526 0.665972 0.192733 0.6933
134.04 35.4994 0.0197786 0.656776 0.190056 0.683722
134.056 35.3534 -0.0176649 0.65944 0.190714 0.686464
134.063 35.5184 0.0160383 0.654945 0.189355 0.681769
133.858 35.1172 0.00442522 0.675887 0.196972 0.704004
133.911 35.1684 -0.0127621 0.671902 0.195415 0.699742
133.854 35.0953 0.00429788 0.676656 0.197229 0.704814
133.887 35.2525 -0.0337342 0.671634 0.195517 0.699514
134.068 35.3591 -0.0314913 0.658727 0.190424 0.685699
134.023 35.0938 -0.0099019 0.66675 0.193082 0.694144
133.887 35.5028 0.0360175 0.66582 0.193815 0.693456
134.067 35.4025 0.000630986 0.657495 0.190069 0.684417
133.985 35.2353 -0.0367743 0.666223 0.193214 0.693675
134.071 35.3178 -0.0715385 0.659282 0.190562 0.68627
133.963 35.1034 -0.0233396 0.670124 0.194513 0.697783
133.862 35.1238 0.0062508 0.675533 0.19684 0.703627
134.062 35.0916 -0.0112248 0.664516 0.19215 0.691739
134.005 35.1247 -0.0129016 0.667316 0.193382 0.694772
134.004 35.1903 -0.0114432 0.666017 0.193009 0.69342
133.918 35.18 -0.00621782 0.67118 0.195154 0.698976
134.055 35.27 -0.0468395 0.661365 0.191284 0.688472
134.025 35.2247 -0.0306044 0.664031 0.192277 0.691309
134.049 35.3456 -0.00318688 0.660023 0.190939 0.687087
133.882 35.2534 -0.0097188 0.671876 0.195625 0.699776
134.007 35.2222 -0.0967416 0.665201 0.192752 0.692565
134.039 35.1331 -0.0049787 0.665229 0.192525 0.692529
133.835 35.1047 -0.0088854 0.677541 0.197627 0.705775
134.062 35.4066 -0.0223779 0.657659 0.190151 0.684597
133.87 35.0834 0.000185452 0.675927 0.196897 0.704021
134.012 35.5312 0.0102742 0.657759 0.190543 0.684801
134.007 35.4391 -0.00164958 0.660266 0.191316 0.687425
134.034 35.1991 -0.0148581 0.664007 0.192207 0.691266
133.915 35.2237 -0.0176347 0.67042 0.194951 0.69819
133.984 35.2122 -0.0193462 0.66677 0.193381 0.694247
133.967 35.1522 -0.0204033 0.668986 0.194151 0.69659
133.84 35.1456 -0.00231931 0.676466 0.197278 0.704646
134.031 35.2091 -0.0148558 0.663995 0.192227 0.691261
134.089 35.1541 -0.0103933 0.66173 0.191146 0.688784
134.033 35.3156 -0.0545248 0.661733 0.191554 0.6889
134.002 35.0806 -0.00334092 0.668264 0.193678 0.695764
133.966 35.1725 -0.00799968 0.668547 0.194027 0.696133
133.857 35.1512 -0.0140201 0.675447 0.196855 0.703549
133.923 35.1366 0.00699742 0.671732 0.19527 0.699539
134.065 35.4259 -0.00123524 0.657116 0.189975 0.684027
133.884 35.2212 -0.00676405 0.672343 0.195744 0.700257
134.066 35.5084 0.0109554 0.654976 0.189342 0.681794
134.04 35.0931 -0.0162933 0.665769 0.192673 0.693088
133.875 35.0859 0.00128983 0.675529 0.196736 0.703594
133.896 35.0938 -0.00440418 0.674134 0.196172 0.702097
134.042 35.4219 -0.0172136 0.658837 0.190644 0.685866
133.938 35.1803 -0.00921147 0.67017 0.194707 0.697882
133.877 35.2731 -0.0342102 0.671892 0.19567 0.699804
133.707 35.5009 0.0294778 0.676204 0.198209 0.704655
134.002 35.4141 -0.0223837 0.661187 0.191619 0.688394
134.024 35.2019 -0.0224414 0.664526 0.192432 0.691828
134.034 35.1597 -0.00906366 0.664811 0.192442 0.692104
134.047 35.4047 -0.0183402 0.658708 0.190569 0.685721
133.926 35.1669 0.0073948 0.671023 0.195044 0.698794
133.93 35.2037 -0.0204249 0.670085 0.194744 0.69781
134.016 35.1894 -0.0135887 0.665228 0.192692 0.692573
134.036 35.0919 -0.0179455 0.666084 0.192799 0.693426
133.877 35.1 0.00202988 0.675219 0.196636 0.703268
134.065 35.2872 -0.0302953 0.660449 0.190945 0.687498
133.889 35.2397 -0.0291101 0.671699 0.195518 0.699576
134.055 35.2056 -0.0174651 0.662667 0.191665 0.689828
134.061 35.4541 0.000499155 0.656634 0.189865 0.683533
133.94 35.1203 0.00162231 0.671117 0.19497 0.698864
134.017 35.1719 -0.0188189 0.665704 0.192827 0.693069
133.948 35.5081 0.02031 0.662151 0.192296 0.689508
134.096 35.4669 -0.00464992 0.654177 0.188893 0.680902
134.011 35.4694 0.0115765 0.659327 0.191012 0.686438
134.027 35.5044 0.0113955 0.65748 0.190355 0.684481
133.869 35.5034 0.0389198 0.66685 0.194251 0.694567
134.029 35.4384 0.00309268 0.658922 0.190762 0.685979
133.927 35.2556 0.000402269 0.669104 0.194478 0.696794
133.885 35.1034 0.00490972 0.674687 0.196421 0.702698
134.057 35.1612 -0.00250045 0.663373 0.191852 0.690559
134.045 35.1462 -0.00625222 0.664656 0.192317 0.69192
134 35.5166 0.016313 0.658788 0.190932 0.685899
133.934 35.2419 -0.000698063 0.668962 0.194384 0.696631
133.996 35.1672 -0.0178492 0.667038 0.193364 0.694499
134.079 35.3816 -0.032448 0.657332 0.189934 0.684222
134.075 35.5156 0.0206763 0.654281 0.189078 0.681053
134.092 35.515 0.0150066 0.653213 0.188639 0.679905
134.069 35.1062 -0.00970761 0.663803 0.191892 0.690982
133.935 35.1384 0.000331097 0.671068 0.194991 0.698823
134.08 35.1587 -0.000439217 0.662152 0.191332 0.689241
134.004 35.5169 0.0183885 0.658523 0.190823 0.685614
133.98 35.1356 -0.00636362 0.668539 0.193919 0.696096
134.091 35.1516 -0.00812161 0.66152 0.191067 0.68856
133.873 35.0931 0.00204076 0.675637 0.196789 0.703712
133.983 35.1591 -0.0113162 0.667963 0.193731 0.69549
134.088 35.2344 -0.0613671 0.660246 0.190724 0.687241
134.069 35.4681 0.00240955 0.655743 0.189546 0.682588
133.935 35.11 -0.00589884 0.671597 0.195148 0.699375
134.099 35.1825 0.00434197 0.660679 0.190765 0.687668
133.885 35.2759 -0.0595686 0.671316 0.19544 0.699186
133.864 35.1184 -0.00185636 0.675502 0.196813 0.703589
133.86 35.2216 -0.0408734 0.67375 0.196336 0.701774
133.897 35.1306 0.0273621 0.673353 0.195941 0.701282
134.089 35.2409 -0.0273226 0.660061 0.19066 0.687046
134.067 35.1881 0.000898706 0.662166 0.191429 0.689282
133.894 35.1156 0.0134357 0.673799 0.196092 0.701753
134.069 35.1625 -0.000713945 0.662582 0.191536 0.689711
133.907 35.1959 -0.0229513 0.67143 0.195302 0.699257
133.941 35.135 -0.00745855 0.670864 0.194891 0.698599
134.043 35.1462 -0.0108055 0.664783 0.192372 0.692058
134.015 35.375 -0.0277596 0.66148 0.191608 0.688672
134.075 35.4331 0.000545326 0.656265 0.189654 0.68312
