133.89 35.4547 -0.00871612 -0.552903 -0.102265 0.562281
133.754 35.4331 -0.0576536 -0.539719 -0.100634 0.549021
133.682 35.3637 -0.0127946 -0.531458 -0.0995879 0.540708
133.959 35.3003 0.0173198 -0.556368 -0.102716 0.56577
133.789 35.3434 0.0288814 -0.541308 -0.10085 0.550623
133.854 35.2944 0.0227289 -0.546654 -0.101535 0.556003
133.821 35.3884 -0.0185811 -0.545236 -0.101334 0.554573
133.784 35.4644 -0.0433644 -0.543192 -0.101068 0.552514
133.742 35.4169 -0.047261 -0.538238 -0.100449 0.547531
133.852 35.3444 0.0327628 -0.547219 -0.101581 0.556567
133.971 35.3588 0.0305166 -0.558714 -0.102996 0.568128
133.929 35.4659 -0.000903638 -0.55678 -0.102738 0.566179
133.759 35.3925 -0.0388834 -0.539357 -0.10059 0.548657
133.888 35.4012 -0.0029939 -0.551685 -0.102124 0.561058
133.865 35.4775 -0.00293998 -0.551024 -0.102033 0.560391
133.848 35.3744 0.0164446 -0.547365 -0.101593 0.556713
133.7 35.4959 -0.0140535 -0.535923 -0.10015 0.5452
133.733 35.4834 -0.0286473 -0.5388 -0.100515 0.548095
133.755 35.2997 0.0141147 -0.537358 -0.100358 0.546649
133.789 35.3428 0.0293894 -0.541335 -0.100854 0.550649
133.833 35.4369 -0.0537611 -0.547177 -0.101563 0.556523
133.704 35.2925 0.00869767 -0.532142 -0.0996846 0.541398
133.74 35.3416 0.0077119 -0.536543 -0.100239 0.545826
133.773 35.3413 0.0210639 -0.539771 -0.100655 0.549076
133.831 35.3972 -0.0477732 -0.546391 -0.101477 0.555734
133.747 35.4022 -0.0433231 -0.538404 -0.100468 0.547698
133.682 35.3003 0.00968839 -0.530191 -0.0994346 0.539435
133.974 35.4844 0.00308007 -0.561187 -0.103257 0.570608
133.747 35.3706 -0.0146059 -0.537764 -0.10039 0.547054
133.935 35.3834 0.0127968 -0.555722 -0.102619 0.565118
133.974 35.4616 0.00537234 -0.560704 -0.103204 0.570123
133.848 35.4253 -0.0213365 -0.548397 -0.101714 0.55775
133.913 35.4547 -0.0100518 -0.554989 -0.102517 0.564377
133.941 35.4978 -0.00198542 -0.558479 -0.102935 0.567886
133.836 35.4956 -0.00335265 -0.548658 -0.101742 0.558012
133.757 35.3212 0.023673 -0.537733 -0.100395 0.547025
133.861 35.4487 -0.00678727 -0.550174 -0.101936 0.559537
133.956 35.3747 0.0235732 -0.557452 -0.10283 0.566857
133.946 35.4706 0.00319846 -0.558586 -0.10296 0.567996
133.723 35.2812 0.0107204 -0.533761 -0.0998963 0.543029
133.912 35.3175 0.0159516 -0.552481 -0.102245 0.561862
133.844 35.4784 -0.004304 -0.549107 -0.101798 0.558464
133.885 35.3075 0.016902 -0.549731 -0.101906 0.559096
133.895 35.3241 0.0137586 -0.550895 -0.102044 0.560266
133.94 35.3034 0.00628822 -0.554697 -0.102512 0.56409
133.725 35.3622 -0.00784191 -0.535465 -0.1001 0.544741
133.944 35.3888 0.0197101 -0.556772 -0.102754 0.566174
133.719 35.3003 0.011341 -0.533779 -0.0998944 0.543046
133.875 35.3294 0.0210195 -0.549232 -0.101844 0.558594
133.799 35.4612 -0.0420135 -0.544569 -0.101239 0.5539
133.836 35.3294 0.0310892 -0.545327 -0.101344 0.554665
133.98 35.3537 0.0295152 -0.559514 -0.103095 0.568932
133.92 35.4806 -0.000570228 -0.556149 -0.102654 0.565544
133.799 35.3381 0.0348423 -0.542328 -0.100985 0.55165
133.863 35.4131 -0.0139242 -0.549569 -0.101862 0.558929
133.861 35.4547 -0.00684432 -0.550168 -0.101932 0.559531
133.698 35.3897 -0.0174179 -0.533608 -0.0998655 0.542873
133.838 35.2953 0.018325 -0.544984 -0.101314 0.554321
133.851 35.3537 0.0275945 -0.547277 -0.101585 0.556625
133.732 35.3328 0.0131746 -0.535634 -0.100125 0.544912
133.831 35.4509 -0.0207527 -0.547338 -0.101583 0.556685
133.793 35.3916 -0.0367284 -0.542495 -0.100984 0.551814
133.907 35.3487 0.00340999 -0.552502 -0.102237 0.561882
133.817 35.4969 -0.00892015 -0.54692 -0.101528 0.556264
133.789 35.3103 0.0271803 -0.540565 -0.100754 0.549875
133.944 35.3341 0.0217848 -0.555921 -0.102672 0.565323
133.944 35.2934 0.00810759 -0.554833 -0.102528 0.564227
133.76 35.4044 -0.0516823 -0.539679 -0.10063 0.54898
133.891 35.3022 0.0182712 -0.550428 -0.102005 0.5598
133.96 35.4237 0.0192828 -0.558954 -0.103016 0.568367
133.858 35.3756 0.00985551 -0.54839 -0.101722 0.557745
133.87 35.4675 -0.00622392 -0.551263 -0.102063 0.560632
133.814 35.4225 -0.0850168 -0.545116 -0.101309 0.55445
133.739 35.4103 -0.0444361 -0.537868 -0.100403 0.547159
133.696 35.4781 -0.0224571 -0.535163 -0.100055 0.544436
133.691 35.4763 -0.022103 -0.534648 -0.0999894 0.543918
133.764 35.3137 0.0230703 -0.538469 -0.100499 0.547767
133.784 35.3803 -0.0118027 -0.541484 -0.100862 0.550797
133.749 35.3184 0.0195105 -0.537085 -0.100319 0.546374
133.822 35.4047 -0.0694188 -0.545555 -0.101368 0.554892
133.971 35.3362 0.0235397 -0.558472 -0.102977 0.567887
133.927 35.3159 0.0145685 -0.553852 -0.102414 0.563241
133.787 35.4609 -0.0463476 -0.543476 -0.101103 0.5528
133.864 35.3597 0.0130591 -0.548732 -0.101771 0.558089
133.802 35.48 -0.0239714 -0.545196 -0.101315 0.55453
133.862 35.4822 -0.00259254 -0.550853 -0.102012 0.560219
133.725 35.2947 0.010967 -0.534244 -0.0999536 0.543514
133.826 35.4019 -0.0630038 -0.545878 -0.101408 0.555217
133.717 35.4584 -0.0298753 -0.536777 -0.100262 0.546061
133.944 35.3444 0.0259701 -0.555938 -0.102662 0.565337
133.745 35.4166 -0.0487672 -0.538622 -0.1005 0.547918
133.933 35.3853 0.0108869 -0.555618 -0.102609 0.565013
133.768 35.3409 0.0204084 -0.539163 -0.100573 0.548463
133.717 35.2919 0.00916131 -0.533342 -0.099838 0.542607
133.777 35.2928 0.0171882 -0.539228 -0.100592 0.54853
133.963 35.4144 0.0132314 -0.559135 -0.103043 0.568551
133.925 35.3006 0.00914958 -0.553405 -0.10236 0.562792
133.713 35.3559 -0.00545629 -0.534249 -0.0999454 0.543518
133.714 35.4531 -0.029709 -0.53634 -0.100207 0.545621
133.967 35.3038 0.0191969 -0.557317 -0.102836 0.566725
133.72 35.4187 -0.0420742 -0.536206 -0.100191 0.545487
133.798 35.4078 -0.0722486 -0.543301 -0.101083 0.552625
133.68 35.4278 -0.0248558 -0.532718 -0.0997499 0.541976
133.823 35.3844 -0.00779864 -0.54532 -0.101344 0.554658
133.754 35.2981 0.0134843 -0.53718 -0.100338 0.54647
133.885 35.3575 -0.00087233 -0.55053 -0.101989 0.559898
133.745 35.4053 -0.045198 -0.538321 -0.100459 0.547615
133.705 35.4416 -0.0313423 -0.535295 -0.100076 0.54457
133.711 35.3256 0.0225384 -0.533743 -0.0999004 0.543012
133.942 35.3372 0.0243038 -0.555743 -0.102646 0.565142
133.857 35.4019 -0.0241141 -0.548767 -0.101761 0.558122
133.916 35.3406 0.0115051 -0.553223 -0.102328 0.562607
133.852 35.4319 -0.0138688 -0.548851 -0.101771 0.558207
133.813 35.3963 -0.0471066 -0.544539 -0.101241 0.55387
133.748 35.3241 0.0190443 -0.537053 -0.100311 0.546341
133.86 35.3872 -0.0217435 -0.548725 -0.101758 0.558081
133.878 35.4519 -0.00932516 -0.551687 -0.102117 0.561059
133.68 35.4631 -0.0228129 -0.533381 -0.0998296 0.542642
133.909 35.4303 -0.00592941 -0.554388 -0.10246 0.563777
133.838 35.3041 0.0256446 -0.545212 -0.101342 0.554551
133.8 35.2853 0.0162413 -0.541251 -0.100848 0.550566
133.944 35.3878 0.0189636 -0.556723 -0.102747 0.566125
133.772 35.4234 -0.0688613 -0.541184 -0.100817 0.550495
133.736 35.4778 -0.0330027 -0.538908 -0.100529 0.548204
133.743 35.4719 -0.0362433 -0.539492 -0.100603 0.548791
133.979 35.3434 0.0249869 -0.559325 -0.103083 0.568744
133.886 35.4016 -0.00615269 -0.551545 -0.102108 0.560917
133.864 35.4256 -0.00445878 -0.54993 -0.101904 0.559292
133.733 35.4231 -0.0459614 -0.537525 -0.100358 0.546814
133.746 35.3441 0.00698139 -0.537165 -0.100317 0.546452
133.716 35.4528 -0.0305871 -0.536612 -0.100242 0.545894
133.923 35.4153 -0.000683393 -0.555155 -0.102545 0.564546
133.743 35.3228 0.021576 -0.536533 -0.100246 0.545818
133.762 35.4506 -0.0537391 -0.54082 -0.100771 0.550128
133.777 35.4269 -0.071256 -0.541695 -0.100882 0.551009
133.981 35.3097 0.0228562 -0.558733 -0.103007 0.568149
133.701 35.3156 0.014913 -0.53249 -0.0997374 0.54175
133.868 35.4144 -0.0123104 -0.55 -0.101914 0.559363
133.826 35.31 0.0306769 -0.544032 -0.101187 0.553362
133.876 35.2922 0.028314 -0.54872 -0.101793 0.558082
133.771 35.4478 -0.0616696 -0.541598 -0.100869 0.550911
133.955 35.3994 0.019575 -0.557886 -0.102881 0.567293
133.858 35.3381 0.0266365 -0.547755 -0.101656 0.557108
133.879 35.4513 -0.0094254 -0.551789 -0.10213 0.561161
133.851 35.3141 0.0211432 -0.546531 -0.1015 0.555876
133.796 35.3022 0.0232588 -0.541193 -0.100841 0.550507
133.739 35.3125 0.0208294 -0.53604 -0.100186 0.545322
133.859 35.365 0.0301257 -0.548319 -0.101717 0.557674
133.909 35.3862 -0.00215166 -0.553427 -0.102343 0.562811
133.796 35.35 0.0282035 -0.542162 -0.100955 0.551481
133.846 35.3741 0.0202801 -0.547183 -0.101571 0.55653
133.925 35.3053 0.0137454 -0.55347 -0.102371 0.562858
133.806 35.325 0.034277 -0.542622 -0.101018 0.551945
133.851 35.435 -0.0115139 -0.548862 -0.101771 0.558217
133.695 35.3038 0.0101292 -0.531509 -0.0996044 0.540762
133.898 35.3003 0.0197154 -0.551009 -0.102074 0.560383
133.895 35.4031 -0.00430869 -0.552343 -0.102206 0.56172
133.705 35.48 -0.0232573 -0.536039 -0.100167 0.545318
133.779 35.3122 0.0250939 -0.539742 -0.100656 0.549048
133.748 35.3216 0.0202347 -0.536999 -0.100307 0.546287
133.734 35.3997 -0.0334378 -0.537097 -0.100305 0.546383
133.827 35.3866 -0.0141618 -0.545728 -0.101397 0.555068
133.932 35.4153 0.00431167 -0.556113 -0.102663 0.56551
133.695 35.4241 -0.0286915 -0.533961 -0.0999082 0.543227
133.82 35.3656 0.0329354 -0.544651 -0.101264 0.553985
133.704 35.3691 -0.0143658 -0.533685 -0.0998748 0.54295
133.77 35.4528 -0.0574825 -0.541641 -0.100874 0.550954
133.814 35.4588 -0.0334247 -0.545952 -0.101413 0.555291
133.696 35.4487 -0.0241893 -0.534568 -0.0999817 0.543838
133.911 35.4847 0.000813086 -0.555452 -0.102575 0.564844
133.964 35.4738 0.000533135 -0.560175 -0.103144 0.569592
133.91 35.4119 -0.00652034 -0.553916 -0.102393 0.5633
133.739 35.3128 0.0209722 -0.535977 -0.100178 0.545258
133.911 35.3422 0.00945659 -0.552801 -0.102275 0.562182
133.97 35.315 0.0213582 -0.557785 -0.102888 0.567195
133.794 35.3825 -0.0135146 -0.542508 -0.100989 0.551828
133.755 35.4012 -0.0469184 -0.539147 -0.100563 0.548445
133.842 35.4878 -0.00725552 -0.549113 -0.101798 0.558469
133.928 35.3062 0.00963588 -0.553804 -0.102411 0.563193
133.746 35.4916 -0.0280808 -0.540129 -0.100682 0.549433
133.707 35.2953 0.0100968 -0.532444 -0.0997232 0.541702
133.707 35.4922 -0.0181709 -0.536472 -0.10022 0.545753
133.759 35.4206 -0.0610457 -0.53992 -0.100659 0.549223
133.83 35.3556 0.0391552 -0.545514 -0.10138 0.554855
133.814 35.3728 0.0218314 -0.544272 -0.101215 0.553603
133.989 35.3369 0.0296908 -0.560152 -0.103182 0.569576
133.921 35.4744 -0.00342192 -0.556172 -0.102659 0.565567
133.734 35.2984 0.0119037 -0.535153 -0.10007 0.544429
133.834 35.2859 0.0223525 -0.544609 -0.101276 0.553946
133.964 35.2844 0.0196756 -0.556637 -0.102755 0.566042
133.997 35.3253 0.0318624 -0.560584 -0.103232 0.57001
133.924 35.3656 0.013861 -0.554437 -0.10247 0.563827
133.87 35.4797 -0.00188276 -0.551488 -0.102089 0.560857
133.705 35.3394 0.00110882 -0.533267 -0.0998287 0.542531
133.931 35.3956 0.0112533 -0.555675 -0.102616 0.565071
133.84 35.3978 -0.0595301 -0.547208 -0.101576 0.556556
133.793 35.3466 0.0261263 -0.541747 -0.100904 0.551064
133.963 35.4528 0.0120972 -0.55962 -0.10308 0.569034
133.824 35.3178 0.0307569 -0.543956 -0.101175 0.553286
133.926 35.3581 0.0149674 -0.554466 -0.102476 0.563856
133.913 35.4544 -0.0104315 -0.554962 -0.102513 0.564351
133.763 35.39 -0.0343419 -0.53967 -0.10063 0.548972
133.714 35.4881 -0.0204487 -0.537053 -0.100294 0.546338
133.873 35.3994 -0.0165464 -0.550199 -0.101938 0.559562
133.696 35.2825 0.00840399 -0.531169 -0.0995583 0.540418
133.831 35.4116 -0.0733852 -0.546612 -0.101502 0.555956
133.762 35.3772 -0.017211 -0.539388 -0.100596 0.548688
133.979 35.2862 0.0225743 -0.558082 -0.102932 0.567495
133.951 35.415 0.0132007 -0.557885 -0.102881 0.567292
133.828 35.3472 0.0380211 -0.545112 -0.101327 0.55445
133.921 35.2959 0.00812024 -0.552855 -0.102293 0.562239
133.812 35.475 -0.0213476 -0.54607 -0.101424 0.555409
133.995 35.2825 0.0202987 -0.559374 -0.103084 0.568793
133.821 35.4581 -0.028406 -0.546529 -0.101484 0.555871
133.738 35.4944 -0.0244865 -0.539516 -0.100605 0.548816
133.895 35.4819 -0.000816736 -0.553837 -0.102375 0.563219
133.867 35.3616 0.00423374 -0.548966 -0.101798 0.558325
133.92 35.4562 -0.00640606 -0.555715 -0.102605 0.565108
133.833 35.2872 0.0224195 -0.544442 -0.101253 0.553777
133.796 35.3594 0.0212624 -0.542222 -0.100958 0.551541
133.692 35.4734 -0.0214927 -0.534708 -0.0999973 0.543978
133.698 35.4178 -0.029639 -0.53414 -0.0999297 0.543407
133.77 35.3588 0.00601468 -0.539801 -0.100653 0.549105
133.887 35.4322 -0.00292394 -0.552253 -0.102193 0.561628
133.744 35.4825 -0.0326289 -0.53981 -0.100643 0.549112
133.685 35.2906 0.0129517 -0.530279 -0.0994442 0.539523
133.684 35.3963 -0.0202884 -0.532414 -0.0997141 0.541671
133.954 35.3575 0.0255312 -0.557132 -0.102806 0.566538
133.773 35.3775 -0.0154214 -0.540339 -0.100714 0.549645
133.941 35.4988 -0.00186952 -0.558507 -0.102938 0.567914
133.884 35.3244 0.0216162 -0.55006 -0.101951 0.559428
133.726 35.2953 0.0114103 -0.534288 -0.0999592 0.543558
133.717 35.4981 -0.0189356 -0.537543 -0.100355 0.546831
133.718 35.4016 -0.0304846 -0.535679 -0.100127 0.544956
133.682 35.3531 -0.00708982 -0.531361 -0.0995807 0.540611
133.718 35.4094 -0.0347247 -0.535842 -0.100147 0.54512
133.869 35.3312 0.0196538 -0.548604 -0.10176 0.557962
133.71 35.4647 -0.0243894 -0.536249 -0.100194 0.545529
133.928 35.4494 -0.00201427 -0.556402 -0.102695 0.5658
133.802 35.3984 -0.0538725 -0.543549 -0.101115 0.552874
133.932 35.3859 0.0109793 -0.555506 -0.102594 0.5649
133.71 35.3997 -0.0261415 -0.534899 -0.100027 0.544172
133.969 35.4966 0.00381977 -0.561051 -0.103245 0.570472
133.84 35.4131 -0.065558 -0.547476 -0.101605 0.556825
133.836 35.4619 -0.0117904 -0.548015 -0.101665 0.557365
133.759 35.4381 -0.0591541 -0.540287 -0.100705 0.549592
133.936 35.4469 0.00405526 -0.55711 -0.102782 0.566512
133.756 35.3197 0.0239085 -0.53767 -0.100388 0.546961
133.747 35.4622 -0.0443267 -0.539657 -0.100623 0.548958
133.695 35.4763 -0.0215059 -0.535011 -0.100036 0.544283
133.734 35.3969 -0.0301269 -0.537096 -0.100305 0.546382
133.795 35.3934 -0.0405807 -0.542766 -0.101019 0.552087
133.73 35.4281 -0.0460176 -0.537379 -0.100339 0.546666
133.809 35.3672 0.0238819 -0.543771 -0.101156 0.5531
133.742 35.475 -0.0354139 -0.539446 -0.100597 0.548746
133.89 35.3547 -0.000564206 -0.551005 -0.102048 0.560375
133.789 35.3159 0.0269888 -0.540823 -0.100792 0.550135
133.801 35.3384 0.0346394 -0.54249 -0.101003 0.551813
133.991 35.3681 0.0317171 -0.560745 -0.103236 0.570169
133.745 35.4531 -0.0472634 -0.539269 -0.100576 0.548568
133.786 35.3644 0.0098687 -0.541392 -0.100853 0.550706
133.962 35.3559 0.0285533 -0.557865 -0.102895 0.567275
133.783 35.295 0.0189562 -0.539795 -0.100664 0.549101
133.776 35.4784 -0.0319314 -0.542753 -0.101011 0.552072
133.719 35.3025 0.0133603 -0.533832 -0.0999013 0.5431
133.994 35.3384 0.0334897 -0.560566 -0.103229 0.569991
133.809 35.3528 0.0349797 -0.543476 -0.101123 0.552804
133.892 35.3006 0.018696 -0.550475 -0.102013 0.559847
133.757 35.3581 -0.000534899 -0.538535 -0.100491 0.547831
133.86 35.4859 -0.000645715 -0.550725 -0.101996 0.56009
133.845 35.3391 0.0341498 -0.546459 -0.101488 0.555803
133.843 35.4581 -0.00718902 -0.548576 -0.101734 0.557929
133.814 35.4084 -0.0766507 -0.544852 -0.101278 0.554185
133.758 35.4363 -0.0593322 -0.540137 -0.100686 0.549442
133.791 35.4919 -0.0239604 -0.544417 -0.101218 0.553746
133.982 35.4509 0.0190648 -0.561368 -0.103294 0.570792
133.778 35.3078 0.0214648 -0.539594 -0.100638 0.548899
133.904 35.3297 0.014827 -0.551922 -0.102174 0.5613
133.95 35.3625 0.0210547 -0.556736 -0.10275 0.566138
133.683 35.3419 0.00327655 -0.53128 -0.0995772 0.540531
133.791 35.3706 0.00246005 -0.541937 -0.100919 0.551253
133.843 35.4281 -0.0251072 -0.547985 -0.101663 0.557336
133.781 35.2866 0.0164641 -0.539455 -0.10062 0.548759
133.834 35.4125 -0.0719997 -0.546931 -0.101539 0.556277
133.95 35.4237 0.0139946 -0.557956 -0.102891 0.567363
133.838 35.4275 -0.0367677 -0.547416 -0.101593 0.556763
133.986 35.3272 0.0291979 -0.559579 -0.103106 0.568999
133.846 35.3991 -0.0648256 -0.547779 -0.101646 0.55713
133.826 35.3328 0.0368707 -0.544694 -0.101279 0.55403
133.896 35.3778 0.00710435 -0.551929 -0.102154 0.561303
133.779 35.4972 -0.0288386 -0.543362 -0.101086 0.552685
133.717 35.3259 0.018785 -0.534265 -0.0999629 0.543536
133.759 35.3544 0.00418934 -0.538545 -0.100491 0.547841
133.916 35.4387 -0.000567684 -0.555081 -0.102535 0.564472
133.889 35.2866 0.0149344 -0.549827 -0.101928 0.559195
133.856 35.4806 -0.00180093 -0.550292 -0.101944 0.559655
133.721 35.3597 -0.00732049 -0.535116 -0.100056 0.544389
133.879 35.3953 -0.0154212 -0.5507 -0.102 0.560066
133.891 35.3803 0.00400964 -0.551463 -0.102097 0.560834
133.777 35.3328 0.0266709 -0.540027 -0.100689 0.549334
133.958 35.4241 0.0191685 -0.558768 -0.102991 0.56818
133.769 35.3794 -0.0186857 -0.540052 -0.10068 0.549356
133.915 35.3403 0.0116961 -0.553108 -0.102314 0.562491
133.696 35.3934 -0.0186201 -0.533497 -0.0998506 0.54276
133.993 35.3919 0.0353862 -0.561495 -0.103331 0.570924
133.705 35.2856 0.00872999 -0.532057 -0.0996733 0.541312
133.806 35.3244 0.0339082 -0.542659 -0.101023 0.551983
133.868 35.4825 -0.000669967 -0.551361 -0.102074 0.560729
133.808 35.2894 0.0175879 -0.542042 -0.100945 0.551361
133.93 35.4028 0.011464 -0.555644 -0.102611 0.565039
133.782 35.2966 0.0186557 -0.539803 -0.100665 0.549109
133.873 35.3141 0.0101039 -0.548594 -0.101758 0.557951
133.783 35.4766 -0.032188 -0.543384 -0.101091 0.552708
133.714 35.3306 0.015416 -0.53402 -0.0999271 0.543288
133.748 35.4631 -0.0423995 -0.539736 -0.100633 0.549037
133.693 35.4628 -0.0214412 -0.534575 -0.0999822 0.543844
133.797 35.3559 0.0245607 -0.542393 -0.100983 0.551713
133.85 35.3781 0.00418644 -0.547635 -0.101624 0.556984
133.829 35.465 -0.0149297 -0.547427 -0.101594 0.556774
133.747 35.4794 -0.0345238 -0.539992 -0.100666 0.549295
133.9 35.3131 0.0137985 -0.551226 -0.102087 0.5606
133.951 35.3997 0.018259 -0.557516 -0.102835 0.56692
133.909 35.285 0.00551566 -0.551483 -0.102125 0.560859
133.988 35.3009 0.0258345 -0.559178 -0.103058 0.568596
133.916 35.3231 0.0166179 -0.553051 -0.102317 0.562436
133.895 35.3331 0.0128186 -0.551233 -0.102089 0.560606
133.864 35.4947 0.00142707 -0.551314 -0.102067 0.560683
133.757 35.4759 -0.0328315 -0.540903 -0.10078 0.550212
133.77 35.4903 -0.0301351 -0.542451 -0.100973 0.551769
133.701 35.4953 -0.0146391 -0.53597 -0.100156 0.545248
133.812 35.435 -0.0828648 -0.545158 -0.101313 0.554492
133.855 35.38 -0.00168787 -0.548139 -0.101687 0.557491
133.87 35.4281 -0.00183055 -0.550492 -0.101974 0.559857
133.866 35.4731 -0.0032837 -0.551066 -0.102041 0.560434
133.771 35.305 0.0187407 -0.538893 -0.100549 0.548193
133.793 35.4734 -0.0330667 -0.544295 -0.101206 0.553624
133.92 35.4597 -0.00559639 -0.555724 -0.102605 0.565117
133.966 35.3456 0.024176 -0.55822 -0.10295 0.567634
133.783 35.4434 -0.0645182 -0.542679 -0.101007 0.551999
133.95 35.3469 0.025694 -0.556684 -0.102757 0.566089
133.773 35.4122 -0.061717 -0.541017 -0.100797 0.550327
133.69 35.4409 -0.0255585 -0.533853 -0.0998913 0.543118
133.709 35.2916 0.00882094 -0.532557 -0.0997375 0.541816
133.947 35.2822 0.010197 -0.554983 -0.10255 0.564378
133.875 35.2809 0.0183033 -0.548442 -0.101757 0.557803
133.907 35.495 -0.00160905 -0.555275 -0.102551 0.564666
133.818 35.3106 0.0270001 -0.543377 -0.101108 0.552704
133.977 35.3813 0.0360667 -0.559662 -0.103105 0.56908
133.859 35.3672 0.0304465 -0.548315 -0.101715 0.557669
133.72 35.4822 -0.0239362 -0.537573 -0.100361 0.546861
133.833 35.3259 0.0318542 -0.545006 -0.101305 0.554341
133.829 35.3266 0.0317796 -0.544643 -0.101261 0.553976
133.729 35.4491 -0.0397785 -0.537681 -0.100375 0.54697
133.901 35.4609 -0.00957699 -0.554022 -0.102398 0.563406
133.693 35.4519 -0.0219435 -0.534342 -0.0999527 0.54361
133.874 35.3413 0.0158913 -0.549341 -0.101853 0.558703
133.982 35.2953 0.0240226 -0.558441 -0.102968 0.567855
133.893 35.2806 0.00392106 -0.549952 -0.10194 0.55932
133.96 35.4697 0.00225269 -0.559724 -0.103094 0.569139
133.969 35.3003 0.0210918 -0.557355 -0.102838 0.566763
133.913 35.29 0.00861824 -0.551976 -0.102183 0.561355
133.708 35.4534 -0.027682 -0.535787 -0.100137 0.545064
133.738 35.2891 0.0131106 -0.535269 -0.100085 0.544545
133.972 35.3747 0.0358214 -0.559036 -0.103025 0.568449
133.738 35.4728 -0.0351701 -0.539048 -0.100547 0.548345
133.798 35.3309 0.0348612 -0.541967 -0.100936 0.551286
133.973 35.325 0.0239518 -0.558271 -0.10295 0.567684
133.936 35.3003 0.00677739 -0.554343 -0.102475 0.563735
133.764 35.2856 0.0142193 -0.53782 -0.100416 0.547114
133.968 35.4288 0.0266833 -0.559748 -0.10311 0.569166
133.707 35.4053 -0.0272989 -0.534752 -0.100009 0.544023
133.706 35.3678 -0.0141918 -0.533845 -0.0998942 0.543111
133.836 35.4141 -0.0688272 -0.547098 -0.101559 0.556444
133.745 35.2878 0.0108727 -0.536008 -0.10018 0.54529
133.979 35.3434 0.0250961 -0.559361 -0.103088 0.568781
133.858 35.3128 0.014336 -0.547209 -0.101587 0.556559
133.889 35.4906 -0.00358962 -0.553463 -0.102329 0.562843
133.828 35.4144 -0.0763572 -0.546293 -0.101458 0.555635
133.865 35.4447 -0.00369459 -0.550367 -0.101957 0.559732
133.857 35.3647 0.0293048 -0.548128 -0.101692 0.557481
133.823 35.3372 0.0418022 -0.544453 -0.101246 0.553786
133.683 35.3244 0.0174902 -0.530982 -0.0995426 0.540232
133.957 35.4928 0.00592072 -0.559881 -0.103107 0.569295
133.879 35.4634 -0.00912703 -0.552045 -0.102158 0.561418
133.755 35.3491 0.00858341 -0.538065 -0.100432 0.547358
133.926 35.3372 0.0172176 -0.554255 -0.102464 0.563646
133.691 35.3628 -0.0135747 -0.532289 -0.0996944 0.541545
133.866 35.3756 -0.00442532 -0.549197 -0.101824 0.558557
133.696 35.3381 0.00564933 -0.532574 -0.0997474 0.541835
133.688 35.285 0.0104094 -0.530438 -0.0994644 0.539683
133.952 35.4675 0.00169448 -0.558953 -0.103002 0.568364
133.76 35.3897 -0.0347484 -0.539422 -0.100599 0.548722
133.721 35.4359 -0.0366373 -0.536724 -0.100257 0.546007
133.931 35.3338 0.0177102 -0.554693 -0.102521 0.564087
133.754 35.4669 -0.0396274 -0.540391 -0.100715 0.549697
133.974 35.4169 0.0277806 -0.560123 -0.103158 0.569543
133.825 35.4278 -0.0735357 -0.54627 -0.101453 0.555611
133.861 35.3834 -0.0163173 -0.548769 -0.101766 0.558126
133.772 35.3009 0.0155759 -0.538925 -0.100554 0.548225
133.792 35.4087 -0.0716119 -0.542789 -0.101019 0.55211
133.864 35.4872 0.00157746 -0.551148 -0.102047 0.560515
133.815 35.3216 0.0280666 -0.543384 -0.101112 0.552711
133.861 35.295 0.0262645 -0.547406 -0.101633 0.556761
133.948 35.4681 0.00218615 -0.558641 -0.102967 0.568051
133.767 35.4272 -0.0658974 -0.54079 -0.100769 0.550098
133.936 35.44 0.00918834 -0.556938 -0.10276 0.566339
133.836 35.3316 0.0328659 -0.545364 -0.10135 0.554701
133.744 35.4009 -0.0398596 -0.538072 -0.100427 0.547364
133.85 35.3612 0.0323789 -0.547324 -0.101588 0.556672
133.766 35.3047 0.0179048 -0.53842 -0.10049 0.547718
133.942 35.3803 0.0133193 -0.556274 -0.102686 0.565672
133.719 35.3028 0.0145624 -0.533788 -0.0998956 0.543055
133.738 35.2866 0.0132542 -0.535308 -0.10009 0.544585
133.833 35.485 -0.0066737 -0.548215 -0.101688 0.557566
133.79 35.3269 0.03057 -0.541147 -0.100833 0.550461
133.89 35.2841 0.00977192 -0.549823 -0.101925 0.55919
133.895 35.4434 -0.00429523 -0.553205 -0.102306 0.562585
133.854 35.4997 0.00187985 -0.550475 -0.101965 0.559839
133.938 35.3219 0.0117326 -0.555021 -0.102556 0.564416
133.925 35.3375 0.0172516 -0.554157 -0.102451 0.563547
133.789 35.3266 0.0306296 -0.541081 -0.100825 0.550395
133.73 35.3188 0.0210429 -0.535331 -0.100097 0.544609
133.812 35.4297 -0.0840925 -0.545075 -0.101303 0.554409
133.818 35.4122 -0.0790294 -0.545317 -0.101335 0.554652
133.75 35.4697 -0.037695 -0.540136 -0.100683 0.549439
133.82 35.3378 0.041704 -0.544289 -0.10123 0.553623
133.962 35.3578 0.0287905 -0.557838 -0.102889 0.567248
133.786 35.3944 -0.0442548 -0.541911 -0.100911 0.551226
133.931 35.4128 0.00445218 -0.555862 -0.10263 0.565257
133.768 35.3906 -0.0381928 -0.540166 -0.100693 0.549471
133.755 35.4094 -0.0500567 -0.5393 -0.100582 0.548599
133.851 35.3728 0.0233706 -0.547613 -0.101622 0.556962
133.808 35.3712 0.0197617 -0.543692 -0.101143 0.55302
133.965 35.3984 0.0225175 -0.558851 -0.102999 0.568264
133.909 35.4219 -0.00257145 -0.554167 -0.102431 0.563554
133.911 35.3653 0.00480556 -0.553203 -0.102319 0.562586
133.82 35.3816 0.00281474 -0.54496 -0.101299 0.554295
133.731 35.4472 -0.0423231 -0.537839 -0.100396 0.547129
133.859 35.3597 0.0239032 -0.548221 -0.101706 0.557575
133.763 35.4622 -0.0458215 -0.541181 -0.100815 0.550491
133.825 35.4816 -0.00832163 -0.547406 -0.101589 0.556752
133.849 35.4116 -0.0322302 -0.54819 -0.101692 0.557542
133.845 35.4038 -0.0636869 -0.547715 -0.101638 0.557065
133.683 35.3156 0.0208252 -0.530778 -0.0995176 0.540027
133.862 35.3941 -0.0241184 -0.54905 -0.101799 0.558408
133.848 35.375 0.011863 -0.547407 -0.101597 0.556755
133.906 35.3481 0.0052898 -0.552383 -0.102222 0.561762
133.913 35.4012 0.00110353 -0.553907 -0.102392 0.563291
133.95 35.4344 0.0136002 -0.558234 -0.102925 0.567643
133.935 35.4012 0.0125552 -0.556076 -0.102663 0.565473
133.746 35.4794 -0.034301 -0.539949 -0.10066 0.549252
133.821 35.3031 0.0258451 -0.543485 -0.101122 0.552812
133.961 35.4838 0.00591038 -0.560138 -0.103143 0.569555
133.882 35.3628 -0.00482056 -0.550326 -0.101962 0.559692
133.76 35.3522 0.00783822 -0.538663 -0.100507 0.547959
133.821 35.4387 -0.0675846 -0.5461 -0.10143 0.55544
133.841 35.4797 -0.00468184 -0.548855 -0.101767 0.55821
133.859 35.4434 -0.00466301 -0.549823 -0.101892 0.559185
133.778 35.4603 -0.0486981 -0.542509 -0.100981 0.551827
133.901 35.4825 -0.00346678 -0.554483 -0.102455 0.563869
133.745 35.4244 -0.0509754 -0.538754 -0.100514 0.54805
133.964 35.2916 0.0201067 -0.556739 -0.102761 0.566143
133.722 35.3484 0.0013217 -0.535033 -0.100053 0.544308
133.723 35.43 -0.0420103 -0.536681 -0.10025 0.545964
133.813 35.4528 -0.0415194 -0.545739 -0.101387 0.555076
133.689 35.3122 0.0155042 -0.531253 -0.0995736 0.540504
133.712 35.4572 -0.0278349 -0.536287 -0.1002 0.545567
133.794 35.4541 -0.0534671 -0.543913 -0.101158 0.55324
133.739 35.3422 0.00818261 -0.536501 -0.100235 0.545784
133.782 35.3709 8.13322e-05 -0.541119 -0.100817 0.55043
133.796 35.2869 0.0175735 -0.540888 -0.100803 0.5502
133.879 35.4222 -0.00519525 -0.551264 -0.102072 0.560635
133.875 35.3556 0.00626469 -0.549695 -0.101891 0.559059
133.796 35.4988 -0.0276132 -0.545078 -0.1013 0.554412
133.777 35.3691 0.000869557 -0.540604 -0.100751 0.549912
133.883 35.4159 -0.0115357 -0.551474 -0.102094 0.560845
133.719 35.3516 0.00104823 -0.53478 -0.100017 0.544052
133.745 35.4363 -0.0537454 -0.538885 -0.100529 0.548182
133.967 35.4147 0.0212838 -0.559478 -0.103083 0.568895
133.93 35.4181 0.00272853 -0.556053 -0.102659 0.56545
133.766 35.3188 0.0258742 -0.538681 -0.100522 0.54798
133.973 35.3612 0.0317473 -0.55892 -0.103019 0.568335
133.723 35.46 -0.0336287 -0.537396 -0.10034 0.546684
133.73 35.3319 0.013238 -0.535402 -0.100096 0.544678
133.973 35.3394 0.0234747 -0.558695 -0.103006 0.568112
133.843 35.2872 0.01851 -0.54546 -0.101381 0.554802
133.926 35.3781 0.00676457 -0.55473 -0.102499 0.56412
133.954 35.4222 0.0165541 -0.558251 -0.102925 0.567659
133.979 35.3588 0.029736 -0.559441 -0.103084 0.568859
133.946 35.3534 0.0245163 -0.556271 -0.102699 0.565672
133.698 35.3066 0.0117077 -0.531886 -0.0996538 0.541141
133.827 35.4541 -0.0242324 -0.546975 -0.101537 0.556319
133.82 35.3856 -0.0120734 -0.545029 -0.101308 0.554364
133.741 35.2919 0.0116206 -0.53569 -0.100139 0.54497
133.837 35.3531 0.0337052 -0.545984 -0.10143 0.555326
133.786 35.4303 -0.0786628 -0.542678 -0.101005 0.551998
133.705 35.4262 -0.0326018 -0.534949 -0.100033 0.544222
133.681 35.4306 -0.0276038 -0.532802 -0.0997593 0.542061
133.811 35.4059 -0.0740114 -0.544516 -0.101235 0.553846
133.87 35.3325 0.0191815 -0.548731 -0.101776 0.55809
133.762 35.4828 -0.0298954 -0.54148 -0.100851 0.550792
133.974 35.4356 0.0304388 -0.560387 -0.10318 0.569807
133.95 35.4019 0.0164062 -0.557459 -0.102827 0.566863
133.755 35.3091 0.0177275 -0.537472 -0.100373 0.546764
133.809 35.3716 0.0189788 -0.54379 -0.101155 0.553118
133.873 35.4838 0.00152917 -0.551907 -0.10214 0.561279
133.725 35.4175 -0.0432791 -0.536649 -0.100247 0.545932
133.784 35.2994 0.019418 -0.539999 -0.100689 0.549306
133.926 35.4022 0.00943902 -0.555241 -0.10256 0.564633
133.952 35.4794 0.0047934 -0.559201 -0.103032 0.568614
133.828 35.4366 -0.0648923 -0.546749 -0.10151 0.556092
133.93 35.3506 0.0106641 -0.554685 -0.102506 0.564077
133.95 35.4138 0.0122743 -0.557837 -0.102878 0.567245
133.917 35.3934 0.00676574 -0.554188 -0.102427 0.563574
133.828 35.3537 0.0395625 -0.545287 -0.101351 0.554626
133.955 35.3081 0.0133084 -0.556259 -0.102707 0.565661
133.944 35.3237 0.012932 -0.555634 -0.102632 0.565034
133.897 35.4241 -0.0013393 -0.553074 -0.102296 0.562455
133.728 35.3525 0.00313587 -0.535719 -0.100139 0.544997
133.743 35.2912 0.0112115 -0.535923 -0.10017 0.545204
133.703 35.4959 -0.0159754 -0.536192 -0.100185 0.545471
133.922 35.4778 -0.00297407 -0.556247 -0.102666 0.565642
133.74 35.3456 0.0067818 -0.536557 -0.10024 0.54584
133.934 35.4972 -0.00247121 -0.557817 -0.102856 0.567221
133.72 35.4588 -0.0311187 -0.536997 -0.100289 0.546282
133.916 35.3356 0.0144925 -0.553191 -0.102331 0.562576
133.945 35.4537 0.00509092 -0.558038 -0.102896 0.567445
133.717 35.3369 0.00293983 -0.534414 -0.099978 0.543686
133.769 35.4953 -0.0272931 -0.542453 -0.100973 0.55177
133.707 35.3078 0.0137253 -0.532844 -0.0997765 0.542106
133.901 35.3194 0.0138793 -0.551516 -0.102127 0.560892
133.875 35.4172 -0.00812818 -0.550795 -0.102013 0.560162
133.759 35.4031 -0.0502806 -0.539601 -0.10062 0.548902
133.997 35.3387 0.0338962 -0.560865 -0.103262 0.570292
133.818 35.3687 0.0279636 -0.544577 -0.101253 0.55391
133.734 35.3422 0.00591277 -0.536036 -0.100177 0.545316
133.898 35.4738 -0.00213904 -0.554005 -0.102395 0.563389
133.859 35.4959 0.00224988 -0.550892 -0.102016 0.560258
133.863 35.3394 0.0244581 -0.548308 -0.101726 0.557665
133.827 35.4031 -0.0653509 -0.545954 -0.101417 0.555294
133.702 35.4259 -0.0314588 -0.534726 -0.100005 0.543997
133.85 35.4059 -0.0404476 -0.548221 -0.1017 0.557575
133.699 35.3453 -0.006267 -0.532785 -0.0997636 0.542044
133.799 35.2994 0.0230093 -0.541378 -0.100861 0.550693
133.921 35.3191 0.0171075 -0.553341 -0.102351 0.562727
133.982 35.4103 0.0274573 -0.560734 -0.103229 0.570157
133.777 35.3497 0.0160615 -0.540247 -0.100712 0.549554
133.752 35.4822 -0.0324878 -0.54055 -0.100735 0.549856
133.705 35.3659 -0.014093 -0.533717 -0.099878 0.542982
133.799 35.3359 0.0346844 -0.542251 -0.100974 0.551572
133.829 35.4984 -0.00503226 -0.548117 -0.101675 0.557468
133.976 35.3387 0.0246186 -0.55898 -0.103041 0.568398
133.762 35.325 0.0226953 -0.538461 -0.10049 0.547758
133.979 35.4128 0.0279378 -0.560532 -0.103206 0.569954
133.77 35.4144 -0.0610632 -0.540786 -0.100768 0.550094
133.793 35.4194 -0.0842493 -0.543066 -0.101053 0.552388
133.687 35.3978 -0.0212304 -0.532695 -0.0997496 0.541954
133.912 35.3956 -0.00133254 -0.553823 -0.102386 0.563207
133.718 35.3641 -0.0150831 -0.534901 -0.100028 0.544173
133.92 35.4972 -0.00470019 -0.556576 -0.102708 0.565973
133.815 35.4744 -0.0247651 -0.546325 -0.101455 0.555665
133.767 35.4084 -0.055618 -0.540412 -0.100721 0.549718
133.867 35.2994 0.0258053 -0.54795 -0.101692 0.557306
133.861 35.2806 0.0259513 -0.547162 -0.1016 0.556515
133.702 35.3225 0.0197972 -0.532867 -0.0997941 0.542131
133.797 35.4641 -0.0388466 -0.544457 -0.101227 0.553788
133.759 35.2819 0.0152409 -0.537388 -0.100364 0.54668
133.741 35.2869 0.0116327 -0.535613 -0.100129 0.544892
133.864 35.3131 0.011762 -0.547734 -0.101651 0.557087
133.828 35.4134 -0.0761828 -0.546331 -0.101463 0.555673
133.766 35.4144 -0.0596938 -0.540495 -0.100731 0.549801
133.692 35.4503 -0.0217393 -0.53418 -0.0999325 0.543447
133.727 35.4062 -0.0364169 -0.536653 -0.10025 0.545937
133.811 35.455 -0.0404389 -0.545522 -0.101357 0.554858
133.916 35.3116 0.0193348 -0.552722 -0.102275 0.562105
133.759 35.4262 -0.0621349 -0.540079 -0.100679 0.549382
133.914 35.3091 0.0217544 -0.552565 -0.102258 0.561947
133.944 35.3869 0.018363 -0.556652 -0.102737 0.566053
133.837 35.3466 0.0328346 -0.545818 -0.101407 0.555158
133.891 35.38 0.00446183 -0.551541 -0.102107 0.560913
133.76 35.4 -0.0483259 -0.539584 -0.100619 0.548886
133.947 35.3909 0.0200099 -0.557194 -0.102811 0.566599
133.836 35.4903 -0.00612617 -0.548603 -0.101736 0.557956
133.7 35.4941 -0.0150839 -0.535885 -0.100146 0.545162
133.814 35.4934 -0.0124501 -0.546585 -0.101487 0.555927
133.801 35.3034 0.0263531 -0.541658 -0.100898 0.550975
133.89 35.4634 -0.008632 -0.553053 -0.102281 0.562431
133.923 35.3281 0.0163539 -0.553766 -0.102405 0.563155
133.731 35.3822 -0.0218784 -0.536506 -0.100232 0.545788
133.725 35.3422 0.00137356 -0.535204 -0.100074 0.544479
133.763 35.4069 -0.0528902 -0.53998 -0.100667 0.549283
133.867 35.4709 -0.00345136 -0.551102 -0.102045 0.56047
133.979 35.3809 0.0367463 -0.559849 -0.103129 0.569269
133.698 35.4316 -0.0284935 -0.534425 -0.0999662 0.543694
133.812 35.4484 -0.052914 -0.545477 -0.101353 0.554813
133.871 35.2972 0.0249453 -0.548272 -0.101732 0.557631
133.764 35.3878 -0.0328547 -0.539742 -0.10064 0.549044
133.776 35.3919 -0.0387996 -0.540933 -0.100788 0.550243
133.93 35.4006 0.0121377 -0.555619 -0.102607 0.565014
133.69 35.3106 0.0142245 -0.531268 -0.099575 0.540519
133.831 35.4384 -0.0502697 -0.547037 -0.101546 0.556382
133.847 35.4278 -0.0208053 -0.548309 -0.101703 0.557661
133.749 35.3653 -0.0104802 -0.537859 -0.100403 0.54715
133.89 35.37 0.00187562 -0.551233 -0.102073 0.560604
133.925 35.4478 -0.000951435 -0.556023 -0.102646 0.565418
133.681 35.4816 -0.024763 -0.533788 -0.0998803 0.543052
133.964 35.4597 0.00422198 -0.559871 -0.10311 0.569286
133.762 35.365 -0.00397268 -0.539109 -0.100561 0.548408
133.743 35.4484 -0.049251 -0.53901 -0.100544 0.548307
133.706 35.3753 -0.0175439 -0.53401 -0.0999157 0.543277
133.909 35.2969 0.0140763 -0.551841 -0.10217 0.561219
133.978 35.3513 0.0296303 -0.559305 -0.103074 0.568724
133.836 35.2834 0.0218261 -0.544843 -0.101311 0.554182
133.905 35.4284 -0.00374391 -0.554008 -0.102415 0.563395
133.99 35.2966 0.0250207 -0.559262 -0.10307 0.56868
133.903 35.49 -0.000327244 -0.554801 -0.102493 0.564189
133.834 35.3778 0.0125027 -0.546271 -0.101468 0.555615
133.716 35.2831 0.0103543 -0.533202 -0.099824 0.542466
133.873 35.4794 -0.00217425 -0.551741 -0.10212 0.561112
133.873 35.3053 0.0193737 -0.548492 -0.101751 0.55785
133.967 35.49 0.00489194 -0.560766 -0.103213 0.570185
133.716 35.4381 -0.0330249 -0.536281 -0.1002 0.545561
133.75 35.3687 -0.0122249 -0.537971 -0.100417 0.547263
133.714 35.4159 -0.0384101 -0.535591 -0.100113 0.544867
133.967 35.3991 0.0230902 -0.558997 -0.103014 0.56841
133.779 35.4187 -0.0700191 -0.541717 -0.100884 0.551031
133.932 35.4219 0.00646529 -0.556238 -0.102681 0.565636
133.86 35.4797 -0.00192965 -0.550582 -0.101979 0.559946
133.91 35.3806 0.0117587 -0.55342 -0.102344 0.562804
133.798 35.3766 -0.000554274 -0.542714 -0.101015 0.552035
133.85 35.4297 -0.0152902 -0.548679 -0.101748 0.558033
133.923 35.3194 0.0175052 -0.553636 -0.10239 0.563025
133.844 35.3375 0.0336521 -0.54627 -0.101463 0.555613
133.992 35.3294 0.0324041 -0.560231 -0.103189 0.569655
133.723 35.3722 -0.015648 -0.535584 -0.100116 0.544861
133.99 35.3653 0.0302419 -0.560641 -0.103227 0.570065
133.949 35.4369 0.0115777 -0.558158 -0.102916 0.567567
133.78 35.3434 0.0249187 -0.540448 -0.100738 0.549757
133.757 35.4922 -0.0284074 -0.541257 -0.100823 0.550568
133.779 35.2922 0.0160513 -0.539339 -0.100606 0.548642
133.785 35.2869 0.0186149 -0.539815 -0.100667 0.549121
133.714 35.3422 -0.00365643 -0.534122 -0.0999338 0.54339
133.691 35.4887 -0.0172797 -0.534931 -0.100024 0.544202
133.705 35.315 0.0158951 -0.532824 -0.0997769 0.542086
133.926 35.2925 0.00562067 -0.55321 -0.102331 0.562595
133.734 35.3803 -0.0222065 -0.536779 -0.100267 0.546063
133.827 35.2941 0.022391 -0.543929 -0.101183 0.55326
133.744 35.4859 -0.0307203 -0.539844 -0.100647 0.549146
133.691 35.4306 -0.0278211 -0.533731 -0.0998787 0.542996
133.92 35.4066 0.00393915 -0.554783 -0.102502 0.564173
133.83 35.4294 -0.0578913 -0.546816 -0.101519 0.55616
133.87 35.2994 0.0244573 -0.548173 -0.101718 0.55753
133.84 35.2862 0.0203195 -0.545183 -0.101349 0.554524
133.772 35.2931 0.0145077 -0.538709 -0.100526 0.548008
133.727 35.4288 -0.0438917 -0.537019 -0.100293 0.546304
133.748 35.4669 -0.0400012 -0.539883 -0.100652 0.549185
133.787 35.4881 -0.0280793 -0.54403 -0.10117 0.553357
133.882 35.2888 0.023729 -0.549248 -0.101859 0.558613
133.737 35.3691 -0.0143055 -0.5368 -0.100269 0.546084
133.82 35.4412 -0.0603719 -0.546062 -0.101427 0.555402
133.858 35.2875 0.0273192 -0.546974 -0.101577 0.556326
133.705 35.4038 -0.0259308 -0.534459 -0.0999714 0.543729
133.695 35.3097 0.0138924 -0.531727 -0.0996357 0.540982
133.747 35.4641 -0.0422225 -0.539667 -0.100624 0.548968
133.776 35.3712 -0.00349108 -0.540534 -0.100741 0.549841
133.746 35.4628 -0.0429479 -0.539605 -0.100617 0.548905
133.935 35.3016 0.0059599 -0.554281 -0.102467 0.563673
133.867 35.2941 0.0277896 -0.547992 -0.101706 0.557351
133.761 35.4438 -0.0580106 -0.540608 -0.100745 0.549915
133.873 35.45 -0.00893566 -0.551212 -0.102058 0.56058
133.952 35.2894 0.0124608 -0.555475 -0.102607 0.564872
133.794 35.3981 -0.052826 -0.542713 -0.10101 0.552033
133.787 35.3744 -0.00357961 -0.541733 -0.100896 0.551049
133.892 35.2803 0.00462122 -0.549895 -0.101934 0.559263
133.809 35.4209 -0.0873811 -0.54459 -0.101243 0.553921
133.833 35.3456 0.0333098 -0.545485 -0.101367 0.554824
133.742 35.3991 -0.0369856 -0.537858 -0.1004 0.547149
133.8 35.4603 -0.0434583 -0.544614 -0.101245 0.553945
133.754 35.3909 -0.0367353 -0.538806 -0.100522 0.548103
133.753 35.4922 -0.0271627 -0.54086 -0.100773 0.550168
133.898 35.4734 -0.00314205 -0.553943 -0.102388 0.563326
133.79 35.3347 0.0325316 -0.541413 -0.10087 0.550729
133.936 35.3666 0.0201862 -0.555567 -0.102609 0.564963
133.729 35.4406 -0.0434631 -0.537533 -0.100358 0.546822
133.952 35.3394 0.0253977 -0.556705 -0.102766 0.56611
133.91 35.3069 0.0236357 -0.552142 -0.102209 0.561522
133.95 35.3441 0.0249121 -0.556673 -0.102759 0.566078
133.882 35.4731 -0.00324187 -0.552494 -0.102212 0.561869
133.709 35.3466 -0.00498792 -0.533761 -0.0998871 0.543026
133.707 35.4941 -0.0179489 -0.536507 -0.100225 0.545788
133.909 35.4297 -0.00507008 -0.554372 -0.10246 0.563761
133.747 35.3659 -0.0116517 -0.537672 -0.100379 0.546962
133.831 35.3338 0.0348462 -0.545076 -0.101321 0.554413
133.801 35.3047 0.0265199 -0.541721 -0.100908 0.551039
133.814 35.4656 -0.0309767 -0.546067 -0.101424 0.555406
133.687 35.4091 -0.0227194 -0.53289 -0.0997712 0.54215
133.867 35.4709 -0.00384714 -0.551121 -0.102047 0.560489
133.925 35.3394 0.0156892 -0.554213 -0.102459 0.563604
133.969 35.3328 0.0228394 -0.558074 -0.102926 0.567485
133.792 35.3506 0.0236389 -0.541741 -0.100902 0.551058
133.873 35.3391 0.0171284 -0.549205 -0.101838 0.558567
133.77 35.3062 0.0192899 -0.53884 -0.100543 0.54814
133.736 35.4331 -0.04943 -0.538022 -0.100421 0.547313
133.959 35.3781 0.0238653 -0.557907 -0.10289 0.567315
133.819 35.3137 0.0288628 -0.543493 -0.10112 0.55282
133.925 35.4131 0.000135739 -0.555311 -0.102564 0.564703
133.933 35.1775 0.00385202 -0.551542 -0.102139 0.56092
133.921 35.1425 0.00263239 -0.54954 -0.101886 0.558905
134.027 35.1316 -0.000883482 -0.559084 -0.103045 0.568501
133.892 35.0962 -0.00384774 -0.54575 -0.10141 0.555092
133.981 35.2441 0.00578857 -0.55734 -0.102841 0.566749
133.951 35.1259 0.00447667 -0.5519 -0.102172 0.561277
133.807 35.2728 0.01397 -0.541695 -0.100906 0.551013
133.917 35.1753 0.00305013 -0.549867 -0.101922 0.559233
133.88 35.1194 -0.00555493 -0.545203 -0.101344 0.554542
133.909 35.2378 -0.000378574 -0.55059 -0.102019 0.559961
133.69 35.1875 0.00815232 -0.528585 -0.0992276 0.537818
133.708 35.1734 0.00556359 -0.529927 -0.0994002 0.539169
133.963 35.1822 0.004392 -0.554351 -0.102475 0.563743
133.954 35.1344 -0.000146982 -0.552306 -0.102217 0.561685
133.702 35.2 0.00503481 -0.529971 -0.099409 0.539214
134.023 35.1697 0.0044751 -0.559534 -0.103103 0.568954
133.886 35.1147 -0.00516061 -0.545513 -0.101377 0.554853
134 35.2416 0.0140069 -0.559088 -0.103058 0.568507
133.966 35.1462 0.00399009 -0.553835 -0.102412 0.563224
133.823 35.0972 -0.00319494 -0.539405 -0.100621 0.54871
134.011 35.1122 -0.00164018 -0.557068 -0.102797 0.566474
133.832 35.2013 0.0087125 -0.542747 -0.101052 0.552075
133.864 35.2269 0.00543837 -0.546048 -0.101453 0.555393
134.018 35.2091 0.000335724 -0.559928 -0.103146 0.569349
133.918 35.095 2.85567e-05 -0.548112 -0.101704 0.557468
133.824 35.1266 -0.000871599 -0.540021 -0.100693 0.549328
134.011 35.1478 0.00251259 -0.557921 -0.102902 0.567331
133.94 35.0978 0.0054673 -0.550188 -0.101957 0.559555
133.725 35.1872 0.00817022 -0.531878 -0.0996507 0.541132
133.803 35.2216 0.0133857 -0.540322 -0.100743 0.549634
133.979 35.2575 0.0166473 -0.557672 -0.102896 0.567085
133.776 35.0994 0.00129155 -0.534807 -0.100027 0.544081
134.005 35.1559 0.00194391 -0.557639 -0.102875 0.567049
133.727 35.0981 0.00764564 -0.530158 -0.0994321 0.539402
134.049 35.1653 0.00203534 -0.561686 -0.103352 0.571115
133.748 35.15 0.00784577 -0.533395 -0.0998507 0.54266
133.928 35.085 0.000300637 -0.548874 -0.101797 0.558234
133.836 35.1409 0.00364502 -0.541599 -0.100901 0.550918
133.746 35.0806 0.00179152 -0.531481 -0.0995924 0.540731
133.891 35.23 0.00110352 -0.548587 -0.101766 0.557946
133.956 35.2684 0.0181504 -0.555712 -0.10265 0.565113
133.943 35.2241 0.00543289 -0.553373 -0.102356 0.562759
133.914 35.1562 -0.00104344 -0.549106 -0.101829 0.558468
134.009 35.3509 0.0382926 -0.562367 -0.103451 0.571803
133.852 35.0931 -0.00223942 -0.541955 -0.100936 0.551274
134.059 35.1094 -0.0102589 -0.561357 -0.103313 0.570784
133.943 35.1706 -0.00092887 -0.552238 -0.102217 0.561618
133.941 35.2122 0.00901916 -0.552982 -0.102312 0.562367
133.734 35.1187 0.00629789 -0.531245 -0.0995701 0.540496
133.869 35.1975 0.0065241 -0.545914 -0.101439 0.555259
133.815 35.1141 -0.00112822 -0.5389 -0.100549 0.5482
134.002 35.2991 0.028257 -0.560403 -0.103209 0.569828
133.923 35.0938 0.00133407 -0.548516 -0.101751 0.557874
133.712 35.2209 0.00358081 -0.53135 -0.0995818 0.540601
133.687 35.1125 0.0125563 -0.526539 -0.0989575 0.535757
133.694 35.0919 0.00972565 -0.526587 -0.0989556 0.535804
133.795 35.0997 -0.00303359 -0.536672 -0.100267 0.545958
134.013 35.3209 0.0318347 -0.561729 -0.103354 0.571159
133.94 35.2019 0.0111642 -0.552698 -0.10228 0.562082
133.928 35.2634 0.000243377 -0.552719 -0.102271 0.562101
133.893 35.2516 0.00586651 -0.549433 -0.10188 0.558799
133.709 35.1347 0.00868716 -0.529127 -0.0992916 0.538363
133.825 35.0872 -0.00319513 -0.539239 -0.100593 0.548541
133.866 35.2484 0.00873517 -0.546778 -0.10155 0.556128
133.775 35.1997 0.00922929 -0.53719 -0.100348 0.546482
133.694 35.2775 0.00937075 -0.530812 -0.0995122 0.540059
133.832 35.2041 0.00736152 -0.542792 -0.10106 0.55212
133.813 35.0984 -0.003833 -0.538432 -0.100493 0.547729
133.87 35.1156 -0.00666681 -0.54408 -0.1012 0.553412
133.982 35.1062 0.00206894 -0.554291 -0.102461 0.563681
133.841 35.1991 0.0102151 -0.543409 -0.101131 0.552739
133.752 35.2375 0.00926747 -0.535685 -0.100145 0.544965
133.917 35.1331 0.000596075 -0.548893 -0.1018 0.558253
133.72 35.0825 0.004106 -0.528934 -0.0992617 0.538168
134.016 35.2731 0.0196648 -0.561298 -0.103325 0.570729
133.991 35.2506 0.00991174 -0.558542 -0.102992 0.567959
133.92 35.1622 0.0012838 -0.549861 -0.101926 0.559228
134.074 35.0953 -0.00986514 -0.562449 -0.103444 0.571882
133.829 35.2197 0.0132273 -0.54284 -0.101068 0.552168
133.895 35.2703 -0.000268682 -0.549956 -0.101941 0.559324
133.98 35.1625 0.00797659 -0.555519 -0.102623 0.564919
133.944 35.2706 0.0103304 -0.554611 -0.102515 0.564006
133.814 35.2325 0.0109726 -0.541631 -0.100911 0.550951
133.73 35.2172 0.00201682 -0.533082 -0.0998072 0.542345
133.734 35.2609 0.00814171 -0.534396 -0.0999744 0.543667
134.032 35.0956 -0.00291791 -0.558626 -0.102987 0.56804
133.85 35.1675 0.00114157 -0.543368 -0.101115 0.552697
134.005 35.1756 0.00854169 -0.55803 -0.102924 0.567442
134.023 35.1466 0.00620961 -0.559099 -0.103055 0.568517
133.957 35.2222 0.00997311 -0.554737 -0.102529 0.564133
134.012 35.1816 0.0050461 -0.558746 -0.103004 0.568161
133.929 35.1528 0.00114938 -0.550565 -0.102015 0.559936
134.035 35.185 0.00632462 -0.560856 -0.103253 0.570281
133.705 35.2062 0.00896971 -0.530393 -0.0994625 0.539639
133.986 35.0928 0.00270492 -0.554407 -0.10248 0.563799
133.966 35.1828 0.00470536 -0.554637 -0.102514 0.564031
134.004 35.1859 0.00303648 -0.558185 -0.10294 0.567598
133.856 35.1203 -0.00613838 -0.54288 -0.101048 0.552204
133.73 35.105 0.00780044 -0.530576 -0.099485 0.539822
133.818 35.2553 0.0266783 -0.542547 -0.10103 0.551874
133.787 35.2469 0.0170351 -0.539236 -0.100599 0.54854
133.954 35.2619 0.0113348 -0.555296 -0.102599 0.564694
133.756 35.1938 0.0108939 -0.535247 -0.100095 0.544525
134.045 35.2084 0.000475513 -0.562204 -0.103411 0.571636
134.041 35.1928 0.00697074 -0.561555 -0.103334 0.570983
133.828 35.2006 0.0073951 -0.542273 -0.100991 0.551597
134.011 35.2997 0.0307002 -0.561309 -0.103318 0.570738
133.948 35.2072 0.0145878 -0.553634 -0.102396 0.563023
133.991 35.1953 0.00447854 -0.557239 -0.102829 0.566647
133.735 35.0869 0.00124459 -0.530549 -0.0994766 0.539794
133.96 35.2791 0.0179056 -0.556267 -0.102715 0.565671
133.887 35.2578 0.00492649 -0.548986 -0.10182 0.558349
133.883 35.1822 -0.000751138 -0.546908 -0.101564 0.556259
133.905 35.5078 0.000321032 -0.555369 -0.10256 0.564759
133.684 35.2275 0.00995908 -0.528896 -0.0992697 0.538132
134.01 35.2128 0.00196268 -0.55925 -0.103068 0.568668
133.886 35.1697 -0.00296097 -0.54678 -0.101537 0.556127
133.759 35.2794 0.015778 -0.537322 -0.100355 0.546613
133.905 35.1 -0.00457111 -0.547049 -0.101571 0.556398
133.692 35.2056 0.00539751 -0.529092 -0.0992918 0.538328
133.911 35.2775 0.00143592 -0.551485 -0.102121 0.560861
133.884 35.1131 -0.00599772 -0.545288 -0.101349 0.554627
134.02 35.1591 0.00425046 -0.559002 -0.103038 0.568419
133.775 35.2444 0.0147981 -0.53805 -0.100448 0.547346
133.701 35.2019 0.00748057 -0.529982 -0.0994123 0.539225
133.852 35.1928 0.00769886 -0.544362 -0.101255 0.553699
133.753 35.1238 0.00419381 -0.53323 -0.0998308 0.542495
133.753 35.0987 -0.000660434 -0.532649 -0.0997506 0.541909
133.958 35.13 0.00104325 -0.552595 -0.102255 0.561976
133.804 35.2737 0.0154298 -0.541356 -0.100863 0.550672
133.931 35.2384 0.00307593 -0.552433 -0.102234 0.561813
133.821 35.2666 0.0134212 -0.542837 -0.101051 0.552162
133.989 35.1075 0.00118371 -0.555004 -0.102547 0.564398
133.871 35.2378 0.0113467 -0.547083 -0.101589 0.556435
133.95 35.1028 0.00446389 -0.551275 -0.102091 0.560648
134.015 35.15 0.00311756 -0.558424 -0.102969 0.567838
134.012 35.2319 0.0104673 -0.55998 -0.103163 0.569403
133.747 35.2725 0.0115849 -0.535903 -0.10017 0.545184
134.038 35.1125 -0.00712646 -0.559539 -0.103096 0.568958
133.75 35.1125 0.00186954 -0.53268 -0.0997569 0.54194
133.722 35.2638 0.00495732 -0.533299 -0.0998344 0.542563
133.964 35.125 0.00100626 -0.553085 -0.102316 0.562469
133.969 35.185 0.0047362 -0.554998 -0.102558 0.564394
133.852 35.1328 -0.00388014 -0.542816 -0.101045 0.552141
133.702 35.195 0.00571561 -0.529877 -0.0993974 0.539119
133.743 35.1394 0.0135738 -0.532818 -0.0997868 0.542082
133.702 35.2625 0.00618333 -0.53136 -0.099588 0.540612
133.962 35.2475 0.0120124 -0.555675 -0.10264 0.565075
133.879 35.1153 -0.00589625 -0.54492 -0.101303 0.554257
133.812 35.2612 0.0200752 -0.541939 -0.100942 0.551259
133.802 35.1803 0.00149296 -0.539195 -0.100593 0.548498
134.016 35.1956 0.00314793 -0.559375 -0.10308 0.568794
133.879 35.1281 -0.00211865 -0.545259 -0.101352 0.554598
133.897 35.0884 -0.00588096 -0.546005 -0.101439 0.555348
133.814 35.2331 0.0104995 -0.541763 -0.100929 0.551085
133.963 35.1341 0.000859593 -0.553275 -0.102346 0.562661
133.787 35.1844 0.00425663 -0.537949 -0.100441 0.547246
133.844 35.2531 0.0209202 -0.545012 -0.101338 0.554353
133.766 35.1884 0.00601374 -0.535971 -0.100182 0.545254
133.73 35.1722 0.00422852 -0.532011 -0.099667 0.541266
134.059 35.1394 0.0177741 -0.562241 -0.103429 0.571675
133.87 35.1687 0.00194906 -0.545362 -0.101368 0.554702
133.704 35.1972 0.00269975 -0.530084 -0.0994213 0.539327
133.872 35.1659 0.000264446 -0.545461 -0.101378 0.554802
133.9 35.2625 0.0102513 -0.550347 -0.101993 0.559718
133.963 35.1881 0.00858953 -0.554454 -0.102491 0.563847
133.917 35.2528 0.00215498 -0.551611 -0.102143 0.560989
133.87 35.1187 -0.00609104 -0.544158 -0.101211 0.553491
133.923 35.2687 -0.00242989 -0.552365 -0.102227 0.561745
133.825 35.25 0.023709 -0.543111 -0.101097 0.55244
134.061 35.1494 0.00969062 -0.562532 -0.10346 0.571967
133.737 35.2691 0.00993417 -0.53485 -0.100033 0.544124
133.904 35.2225 -0.00542524 -0.549626 -0.101893 0.558991
133.917 35.2025 0.000844179 -0.550479 -0.102001 0.55985
133.927 35.1159 0.00428265 -0.549405 -0.101861 0.558768
133.902 35.2428 0.00101709 -0.550056 -0.101954 0.559425
134.018 35.2097 0.000589357 -0.559896 -0.103143 0.569317
133.844 35.1744 0.00112228 -0.543193 -0.101105 0.552523
133.756 35.1281 0.00448758 -0.533681 -0.0998901 0.542949
133.689 35.1262 0.0118841 -0.5272 -0.099049 0.536424
133.743 35.1525 0.00659254 -0.533001 -0.0998021 0.542264
133.942 35.1534 -0.00481662 -0.551672 -0.102143 0.561048
133.759 35.2338 0.0147928 -0.536263 -0.100221 0.545547
133.772 35.2456 0.0123262 -0.537774 -0.100412 0.547068
133.692 35.2112 0.00305955 -0.529207 -0.099306 0.538444
133.836 35.0875 -0.00153753 -0.540411 -0.100748 0.549722
133.694 35.2247 0.0086674 -0.529764 -0.0993823 0.539006
134.018 35.2578 0.00901884 -0.561061 -0.10329 0.57049
133.958 35.2647 0.0151283 -0.555811 -0.102664 0.565213
133.869 35.2791 0.0225502 -0.54784 -0.101686 0.557197
133.889 35.1212 -0.000913171 -0.546052 -0.101448 0.555395
133.822 35.165 0.00273222 -0.540733 -0.100786 0.550046
133.752 35.2256 0.00444506 -0.53532 -0.100095 0.544598
133.941 35.1891 0.0114835 -0.552467 -0.102251 0.561849
133.765 35.1825 0.00247708 -0.535644 -0.100138 0.544924
133.834 35.0897 -0.00166874 -0.540282 -0.100733 0.549593
133.823 35.0959 -0.00347319 -0.539387 -0.100621 0.548692
133.722 35.2069 0.00208737 -0.532106 -0.099686 0.541364
133.972 35.2241 0.0116859 -0.556247 -0.102715 0.565651
133.73 35.2306 0.00680434 -0.533375 -0.0998447 0.54264
133.86 35.1894 0.00485654 -0.544977 -0.101327 0.554317
133.989 35.2206 0.00516649 -0.557532 -0.102859 0.566941
133.755 35.0928 0.00150951 -0.532637 -0.0997434 0.541896
133.902 35.2591 0.0139303 -0.550449 -0.102008 0.559821
134.067 35.1022 -0.0098017 -0.562004 -0.103391 0.571435
133.682 35.1475 0.00348705 -0.527036 -0.0990319 0.53626
133.724 35.1853 0.00789479 -0.531727 -0.09963 0.540981
133.753 35.1541 0.00650364 -0.533901 -0.0999166 0.54317
133.97 35.1631 0.00222652 -0.554454 -0.102485 0.563846
133.78 35.2497 0.0148665 -0.538618 -0.100517 0.547917
133.799 35.1256 -0.00173595 -0.537645 -0.10039 0.546938
133.927 35.1938 0.00339149 -0.551164 -0.102084 0.560538
133.747 35.0844 0.00193102 -0.531595 -0.0996076 0.540847
134.002 35.2134 0.00210069 -0.558589 -0.10299 0.568004
133.71 35.125 0.013266 -0.528963 -0.0992677 0.538197
133.741 35.1828 0.00613524 -0.53327 -0.0998277 0.542534
133.9 35.1697 0.000559278 -0.548064 -0.101694 0.557419
133.949 35.1541 -0.00431901 -0.552259 -0.102212 0.561638
133.826 35.2178 0.0127766 -0.542582 -0.101035 0.551909
133.941 35.1109 0.00334144 -0.550551 -0.102002 0.559921
134.042 35.0897 -0.00565747 -0.55946 -0.103086 0.568878
133.782 35.0806 0.000600392 -0.534909 -0.100035 0.544182
133.743 35.1294 0.00813287 -0.532548 -0.0997481 0.541809
133.732 35.1137 0.00709723 -0.530905 -0.0995218 0.540153
133.825 35.0812 -0.00373493 -0.539175 -0.100585 0.548477
134.02 35.2231 0.00373372 -0.560465 -0.103214 0.56989
134.03 35.08 -0.00103065 -0.558129 -0.102927 0.56754
133.962 35.2306 0.0136422 -0.555421 -0.102617 0.564821
133.876 35.2519 0.00366192 -0.547792 -0.101673 0.557148
133.816 35.2009 0.00786368 -0.54121 -0.100863 0.550529
133.992 35.1309 0.0100903 -0.555964 -0.102676 0.565365
134.045 35.1713 0.0045744 -0.561444 -0.103322 0.570872
133.773 35.1256 -0.000530883 -0.535139 -0.100068 0.544415
133.993 35.0978 0.000243726 -0.55515 -0.102565 0.564545
133.931 35.2647 0.00202065 -0.553073 -0.102315 0.562458
133.845 35.1631 0.00106249 -0.542802 -0.101045 0.552127
133.858 35.2534 0.00750819 -0.546232 -0.101484 0.555579
133.718 35.1462 0.0103468 -0.530214 -0.0994317 0.539456
134.022 35.1572 0.00752541 -0.559179 -0.103059 0.568597
133.972 35.2166 0.0118685 -0.556038 -0.102688 0.56544
133.856 35.2697 0.0139309 -0.546382 -0.101504 0.555731
133.744 35.0825 0.00202938 -0.531253 -0.0995629 0.540502
133.833 35.2616 0.0186185 -0.543934 -0.101192 0.553267
133.875 35.1197 -0.00343426 -0.544562 -0.101258 0.553896
133.96 35.2362 0.0147595 -0.555408 -0.102616 0.564808
134.008 35.0969 -0.00138065 -0.556476 -0.102727 0.565878
133.905 35.1872 -0.000845104 -0.548927 -0.101802 0.558287
133.916 35.1944 0.00315128 -0.550023 -0.101937 0.559389
133.946 35.1125 0.00368596 -0.551111 -0.102071 0.560483
133.906 35.5031 -0.000835676 -0.555397 -0.102565 0.564788
134.016 35.1766 0.00508383 -0.559011 -0.10304 0.568428
133.837 35.1163 -0.00508516 -0.541011 -0.100815 0.550324
133.721 35.2669 0.00676826 -0.533239 -0.0998255 0.542503
133.775 35.1903 0.00885365 -0.53694 -0.100314 0.54623
133.955 35.1997 0.0182613 -0.554354 -0.102498 0.56375
133.801 35.1866 0.00260728 -0.539233 -0.100598 0.548537
