133.933 35.4634 0.0439337 0.517437 -0.0984539 0.52672
133.751 35.4937 0.0165856 0.535652 -0.100824 0.545058
133.812 35.4494 0.00826404 0.528851 -0.0999502 0.538213
133.692 35.445 0.016993 0.540344 -0.101424 0.549781
133.941 35.3478 -0.0283863 0.514194 -0.0980277 0.523455
133.684 35.3653 0.00733184 0.539397 -0.10131 0.548829
133.714 35.4584 0.0274801 0.538541 -0.101195 0.547966
133.846 35.4622 0.0328402 0.525853 -0.0995588 0.535195
133.995 35.39 -0.0172268 0.509895 -0.0974528 0.519124
133.79 35.3659 0.00271901 0.529235 -0.100006 0.538601
133.905 35.3837 -0.0721466 0.518474 -0.0985945 0.527766
133.975 35.3759 -0.0276857 0.511415 -0.0976524 0.520654
133.963 35.3038 0.00296233 0.511095 -0.0976104 0.520333
133.726 35.37 -0.00389011 0.535557 -0.100821 0.544964
133.823 35.3075 -0.00862772 0.524878 -0.0994425 0.534215
133.902 35.3113 -0.00983622 0.517352 -0.0984521 0.526636
133.849 35.3362 0.00179329 0.522954 -0.0991875 0.532277
133.823 35.4644 0.0144354 0.528105 -0.0998546 0.537462
133.98 35.2881 0.00545704 0.509016 -0.0973301 0.518238
133.882 35.2987 0.00717616 0.519173 -0.0987048 0.528473
133.955 35.3731 -0.0352744 0.513263 -0.0978941 0.522515
133.841 35.3184 0.00139807 0.523305 -0.0992308 0.53263
133.874 35.4253 0.0318977 0.522349 -0.0991016 0.531667
133.782 35.4869 0.0130778 0.532515 -0.100422 0.541901
133.691 35.3756 0.0133183 0.539078 -0.101273 0.548508
133.875 35.4331 0.0420807 0.522466 -0.0991207 0.531786
133.979 35.4125 -0.00478711 0.511892 -0.0977194 0.521136
133.997 35.4891 0.01712 0.511556 -0.0976633 0.520796
133.793 35.4828 0.00823948 0.531422 -0.100282 0.540801
133.841 35.3028 0.00462208 0.523087 -0.0992125 0.532412
133.894 35.2875 -0.00746879 0.51771 -0.0985058 0.526998
133.747 35.4306 0.0205877 0.53469 -0.100704 0.544091
133.846 35.4087 0.0082048 0.524714 -0.0994139 0.534048
133.848 35.3984 0.00381758 0.524287 -0.0993585 0.533619
133.87 35.4622 0.0443449 0.523521 -0.0992558 0.532847
133.95 35.4312 0.00934701 0.515171 -0.0981603 0.524439
133.902 35.3766 -0.0863655 0.51859 -0.0986062 0.527881
133.685 35.4484 0.016095 0.541098 -0.101521 0.55054
133.783 35.4288 0.017787 0.531202 -0.100255 0.54058
133.864 35.3903 -0.0383347 0.522562 -0.0991308 0.531882
133.807 35.4616 0.0126045 0.529598 -0.100046 0.538965
133.748 35.3259 -0.0115892 0.53256 -0.100442 0.541949
133.956 35.3359 -0.0238386 0.512662 -0.0978314 0.521913
133.984 35.3334 -0.00117494 0.50988 -0.0974553 0.51911
133.857 35.3256 0.00259041 0.522 -0.099066 0.531317
133.743 35.34 -0.0175475 0.533275 -0.100528 0.542668
133.982 35.4209 0.00477298 0.511855 -0.0977155 0.521099
133.708 35.3328 -0.00361809 0.536732 -0.100988 0.54615
133.932 35.3216 -0.0164113 0.514722 -0.0981053 0.523988
133.955 35.4172 8.66343e-05 0.514273 -0.0980356 0.523534
133.974 35.3837 -0.025244 0.511821 -0.0977128 0.521065
133.759 35.3134 -0.00582675 0.531245 -0.100276 0.540626
133.981 35.335 -0.00490083 0.510121 -0.0974872 0.519352
133.946 35.4653 0.0359571 0.516228 -0.0982969 0.525503
133.712 35.3831 0.00547228 0.53714 -0.101022 0.546557
133.745 35.4756 0.0216337 0.535892 -0.100856 0.5453
133.819 35.4672 0.0105966 0.528594 -0.0999159 0.537954
133.712 35.4853 0.0196643 0.539196 -0.101275 0.548624
133.843 35.3072 0.00196853 0.523057 -0.0992083 0.532382
133.686 35.4141 0.0140783 0.540255 -0.101418 0.549692
133.879 35.3366 -0.00582618 0.520158 -0.0988256 0.529462
133.724 35.3438 -0.010282 0.53534 -0.100801 0.544747
133.811 35.4575 0.011307 0.529081 -0.0999793 0.538445
133.838 35.3541 0.00389518 0.524421 -0.0993788 0.533754
133.838 35.4766 0.0185798 0.526958 -0.0997029 0.536307
133.944 35.3159 -0.00743898 0.513327 -0.0979145 0.522582
133.836 35.3137 0.00095128 0.523809 -0.0993047 0.533139
133.943 35.4269 0.010269 0.515736 -0.0982341 0.525008
133.776 35.3791 0.00564819 0.530871 -0.100214 0.540247
133.787 35.3047 0.00203867 0.528389 -0.0999034 0.53775
133.732 35.2925 -0.0133452 0.533447 -0.100558 0.542842
133.815 35.3116 -0.00713764 0.525685 -0.0995463 0.535027
133.99 35.2947 -2.63239e-06 0.508209 -0.0972202 0.517424
133.9 35.3937 -0.0542307 0.51917 -0.0986871 0.528467
133.689 35.4991 0.0212252 0.541627 -0.10158 0.55107
133.711 35.3247 -0.00260252 0.536402 -0.10095 0.545819
133.891 35.2834 0.00100753 0.517903 -0.0985291 0.527192
133.713 35.3059 -0.00594333 0.535597 -0.100836 0.545007
133.982 35.3234 -0.00405803 0.509668 -0.0974195 0.518895
133.68 35.3853 0.0168061 0.540282 -0.101426 0.54972
133.965 35.3731 -0.0314781 0.512227 -0.0977558 0.521472
133.989 35.37 -0.0243115 0.509941 -0.0974548 0.519169
133.882 35.3475 -0.0199405 0.520012 -0.098804 0.529315
133.878 35.3087 0.00233691 0.519663 -0.0987616 0.528965
133.83 35.3813 0.00858676 0.525847 -0.0995697 0.535191
133.812 35.4562 0.0114378 0.529057 -0.0999773 0.538421
133.777 35.3159 0.00704386 0.529647 -0.100071 0.539018
133.946 35.4738 0.041241 0.516474 -0.0983298 0.525751
133.782 35.2816 0.0043916 0.528381 -0.0999056 0.537744
133.848 35.4481 0.0340728 0.525357 -0.099494 0.534695
133.89 35.3275 -0.00497407 0.519006 -0.0986784 0.528304
133.755 35.3622 -0.00755725 0.532552 -0.100432 0.541939
133.726 35.4856 0.0177601 0.537914 -0.101113 0.547334
133.891 35.4741 0.0341793 0.52168 -0.0990104 0.530993
133.902 35.3403 -0.0231158 0.517821 -0.0985102 0.527108
133.978 35.4375 0.00894234 0.512565 -0.097811 0.521814
133.965 35.3984 -0.0164422 0.51287 -0.0978454 0.522121
133.774 35.3553 -0.00338613 0.530699 -0.100201 0.540076
133.759 35.3447 -0.00487251 0.531836 -0.100345 0.54122
133.871 35.4722 0.0356851 0.523583 -0.099261 0.532908
133.979 35.3203 -0.000306257 0.509962 -0.0974627 0.519192
133.684 35.3237 0.0201062 0.538904 -0.101265 0.548336
133.828 35.3872 0.00804801 0.526153 -0.0996089 0.535499
133.682 35.3794 0.0171539 0.53995 -0.101384 0.549386
133.72 35.485 0.0194751 0.538455 -0.101181 0.547879
133.702 35.4366 0.0234043 0.539173 -0.101278 0.548602
133.804 35.4441 0.0073467 0.5295 -0.100034 0.538867
133.732 35.3609 -0.00974555 0.534707 -0.100712 0.544109
133.714 35.3609 0.000963502 0.536444 -0.100933 0.545857
133.824 35.4794 0.0109246 0.528305 -0.0998783 0.537663
133.781 35.3494 -0.000933394 0.529852 -0.100091 0.539223
133.686 35.3253 0.0198576 0.538591 -0.101222 0.54802
133.715 35.2959 -0.0144331 0.535112 -0.100773 0.544518
133.808 35.2884 -0.00548956 0.525927 -0.0995821 0.535271
133.904 35.3291 -0.0158926 0.517479 -0.0984693 0.526765
133.803 35.2944 -0.0110059 0.526568 -0.0996663 0.535917
133.836 35.4988 0.0199104 0.527592 -0.0997855 0.536946
133.829 35.3981 0.0110328 0.526152 -0.0996047 0.535497
133.88 35.4866 0.0291876 0.523055 -0.0991918 0.532377
133.732 35.4503 0.0228807 0.536577 -0.100944 0.545989
133.748 35.4372 0.0221108 0.534734 -0.10071 0.544135
133.685 35.4237 0.0162329 0.540591 -0.10146 0.550029
133.805 35.3781 0.00679192 0.528084 -0.0998557 0.537442
133.771 35.5 0.0109595 0.533847 -0.100593 0.543242
133.898 35.3937 -0.056325 0.519372 -0.0987135 0.52867
133.95 35.3166 -0.00909827 0.512676 -0.0978264 0.521926
133.872 35.465 0.041854 0.523313 -0.0992256 0.532637
133.801 35.4978 0.00879272 0.530957 -0.100222 0.540333
133.78 35.4881 0.0128937 0.532788 -0.100457 0.542176
133.992 35.4919 0.0180867 0.51212 -0.0977387 0.521363
133.951 35.4372 0.0109224 0.515158 -0.0981555 0.524426
133.95 35.3003 0.0101297 0.512278 -0.0977709 0.521525
133.787 35.4459 0.0143938 0.531244 -0.100263 0.540623
133.741 35.4962 0.0170466 0.536724 -0.100961 0.546137
133.88 35.4659 0.0400178 0.522595 -0.099131 0.531914
133.988 35.4528 0.0159619 0.511823 -0.0977047 0.521066
133.718 35.4269 0.017832 0.537424 -0.101054 0.546843
133.732 35.4228 0.0162994 0.536064 -0.100882 0.545474
133.685 35.3366 0.014433 0.538886 -0.101256 0.548317
133.73 35.3478 -0.0123353 0.534724 -0.100717 0.544127
133.923 35.3922 -0.0523941 0.516803 -0.0983689 0.526081
133.727 35.3663 -0.00602736 0.535314 -0.100788 0.54472
133.845 35.4516 0.0330636 0.525728 -0.0995425 0.535069
133.758 35.485 0.0175589 0.53484 -0.100721 0.544241
133.96 35.28 0.0106435 0.510987 -0.0976014 0.520225
133.791 35.335 0.000596254 0.528727 -0.0999539 0.538092
133.853 35.4806 0.025028 0.525534 -0.0995171 0.534874
133.849 35.4934 0.0223265 0.526202 -0.0996044 0.535546
133.739 35.4038 0.0107928 0.534989 -0.100745 0.544392
133.734 35.3975 0.00698439 0.535325 -0.100787 0.544731
133.732 35.3597 -0.00985566 0.534681 -0.100709 0.544083
133.748 35.305 -0.0115631 0.532125 -0.10039 0.541512
133.98 35.3306 -0.00164108 0.510145 -0.0974888 0.519377
133.975 35.46 0.01666 0.513096 -0.0978703 0.522347
133.864 35.4403 0.0390614 0.523716 -0.099284 0.533043
133.776 35.3997 0.0176042 0.531272 -0.100266 0.540651
133.877 35.4834 0.0300669 0.523292 -0.0992228 0.532616
133.805 35.3553 0.00290862 0.527681 -0.0998113 0.537037
133.764 35.2906 -0.000435173 0.530299 -0.100156 0.539674
133.735 35.4131 0.0114211 0.53556 -0.100818 0.544966
133.712 35.4306 0.0183946 0.538111 -0.101143 0.547534
133.85 35.3081 0.000220567 0.522407 -0.0991253 0.531728
133.978 35.4709 0.0167017 0.513074 -0.0978657 0.522324
133.718 35.3791 0.00345511 0.536511 -0.100942 0.545924
133.756 35.4878 0.0162457 0.535064 -0.100749 0.544466
133.809 35.3428 0.00177745 0.527144 -0.0997454 0.536498
133.938 35.3947 -0.0375326 0.515521 -0.0982025 0.524791
133.81 35.3497 0.00499788 0.527158 -0.0997449 0.536512
133.702 35.3141 -0.00417169 0.536861 -0.101003 0.546279
133.867 35.2987 0.0123866 0.520621 -0.0988932 0.52993
133.843 35.4869 0.0207521 0.526698 -0.0996691 0.536045
133.817 35.4787 0.00703299 0.528993 -0.0999675 0.538356
133.73 35.4519 0.0216776 0.536831 -0.100977 0.546245
133.805 35.4109 0.0139377 0.528673 -0.0999271 0.538034
133.738 35.3616 -0.0103191 0.534219 -0.100649 0.543617
133.914 35.3775 -0.0633476 0.517459 -0.0984614 0.526743
133.821 35.3466 0.00375877 0.526034 -0.0996013 0.53538
133.698 35.4887 0.0201264 0.540651 -0.101459 0.550088
133.88 35.3794 -0.0790986 0.520815 -0.0989016 0.530123
133.882 35.3866 -0.0777237 0.520702 -0.0988847 0.530009
133.699 35.3297 0.0093555 0.537663 -0.101113 0.547088
133.92 35.4709 0.0369363 0.518805 -0.0986331 0.528098
133.735 35.4237 0.0168086 0.535753 -0.100841 0.545161
133.821 35.4213 0.00616801 0.527419 -0.0997648 0.536772
133.994 35.4009 -0.0169257 0.510214 -0.0974953 0.519445
133.894 35.4031 -0.020595 0.519963 -0.0987885 0.529264
133.783 35.2888 -0.0111614 0.528432 -0.0999123 0.537795
133.888 35.3678 -0.083868 0.519666 -0.0987469 0.528964
133.916 35.3391 -0.0333392 0.516494 -0.0983369 0.525772
133.825 35.3628 -0.00280896 0.525903 -0.0995773 0.535247
133.99 35.4866 0.0163943 0.512236 -0.0977544 0.521481
133.9 35.3216 -0.0150222 0.517818 -0.0985166 0.527106
133.788 35.4472 0.0144816 0.53117 -0.100255 0.540549
133.99 35.3409 -0.00996193 0.509455 -0.0973998 0.518682
133.876 35.3809 -0.0783286 0.521248 -0.0989622 0.530559
133.953 35.4903 0.0305903 0.516036 -0.0982676 0.525309
133.826 35.3606 -0.00351767 0.525774 -0.0995616 0.535118
133.832 35.4091 0.00547005 0.526105 -0.0995979 0.53545
133.791 35.4637 0.0138135 0.531168 -0.10025 0.540546
133.834 35.3153 0.000120732 0.523929 -0.0993174 0.533259
133.738 35.3397 -0.0181217 0.533797 -0.100598 0.543194
133.857 35.4159 0.0128098 0.523732 -0.0992813 0.533059
133.765 35.4491 0.0152682 0.533355 -0.100532 0.542747
133.729 35.4875 0.0178179 0.537596 -0.101072 0.547014
133.831 35.3806 0.00911221 0.525709 -0.0995513 0.535052
133.812 35.2856 -0.00239623 0.525517 -0.0995297 0.534859
133.893 35.45 0.0513067 0.521046 -0.0989313 0.530355
133.896 35.3425 -0.0205855 0.518565 -0.0986118 0.527858
133.771 35.4878 0.0115195 0.533649 -0.100568 0.543042
133.728 35.4334 0.02294 0.53666 -0.100957 0.546073
133.755 35.4025 0.0119136 0.533316 -0.100529 0.542708
133.751 35.3097 -0.00782591 0.532015 -0.100379 0.541402
133.68 35.4547 0.0168395 0.541695 -0.101593 0.551139
133.966 35.3797 -0.027954 0.512461 -0.097794 0.521708
133.829 35.3978 0.0113287 0.526236 -0.0996155 0.535582
133.829 35.3406 0.00347601 0.525026 -0.099459 0.534363
133.92 35.4466 0.0418799 0.518284 -0.0985614 0.527573
133.846 35.3231 0.0034652 0.522946 -0.0991874 0.532269
133.993 35.3006 -0.0014826 0.50803 -0.097197 0.517245
133.714 35.45 0.0239555 0.538321 -0.101168 0.547745
133.984 35.3822 -0.0223896 0.510801 -0.0975747 0.520037
133.769 35.4622 0.0186303 0.533308 -0.100525 0.542699
133.964 35.3837 -0.0244232 0.512848 -0.0978532 0.5221
133.84 35.3159 0.00178693 0.523353 -0.0992405 0.532679
133.795 35.4931 0.011478 0.531442 -0.100284 0.540821
133.755 35.3209 -0.00810587 0.531699 -0.10033 0.541082
133.931 35.3244 -0.0171748 0.514824 -0.0981194 0.524091
133.853 35.3391 -0.000534609 0.522702 -0.099158 0.532024
133.892 35.3534 -0.0467488 0.519105 -0.098678 0.528401
133.791 35.3769 0.00489295 0.529358 -0.100022 0.538725
133.961 35.375 -0.0299333 0.512686 -0.0978183 0.521934
133.706 35.3622 0.00163653 0.537264 -0.101038 0.546683
133.754 35.2878 -0.0108159 0.531229 -0.100276 0.540611
133.725 35.3456 -0.0100972 0.535196 -0.10078 0.544602
133.986 35.3241 -0.00259175 0.509387 -0.0973864 0.518613
133.923 35.3572 -0.0480355 0.516093 -0.0982773 0.525367
133.736 35.4 0.00889463 0.535142 -0.100764 0.544546
133.77 35.4703 0.0169899 0.533389 -0.100535 0.542781
133.886 35.2831 0.00155365 0.518357 -0.0985918 0.527649
133.979 35.3428 -0.0181913 0.510595 -0.0975543 0.51983
133.682 35.4794 0.024309 0.541964 -0.101626 0.551409
133.848 35.3591 0.00500088 0.523386 -0.0992386 0.532712
133.763 35.3241 -0.00352538 0.531067 -0.10025 0.540446
133.851 35.3934 0.0049213 0.523863 -0.0993009 0.533191
133.934 35.4134 -0.0131864 0.51617 -0.0982816 0.525443
133.745 35.4103 0.0145212 0.534501 -0.100681 0.543901
133.787 35.3666 0.00241626 0.529618 -0.100057 0.538987
133.94 35.2944 0.00152808 0.51318 -0.0978913 0.522433
133.887 35.3756 -0.0933979 0.520021 -0.0987955 0.529323
133.758 35.3806 0.00446039 0.532613 -0.100441 0.542001
133.791 35.3731 0.00339136 0.529283 -0.100012 0.538649
133.792 35.3637 0.00169855 0.529027 -0.09998 0.538392
133.7 35.4128 0.0173075 0.53889 -0.101244 0.548318
133.834 35.4066 0.0063951 0.525865 -0.0995664 0.535208
133.736 35.4922 0.0177602 0.537061 -0.101004 0.546476
133.924 35.4794 0.0312527 0.518529 -0.0985937 0.52782
133.73 35.4478 0.0225711 0.536689 -0.100959 0.546102
133.829 35.4159 0.00620937 0.526471 -0.0996424 0.535817
133.727 35.405 0.0146708 0.536116 -0.10089 0.545526
133.859 35.4 -0.0016171 0.523228 -0.0992149 0.532551
133.867 35.4078 0.00655773 0.522607 -0.0991331 0.531927
133.964 35.4272 0.018729 0.513737 -0.0979704 0.522996
133.906 35.3875 -0.0626218 0.518499 -0.0985988 0.527791
133.682 35.3934 0.0156456 0.540258 -0.101422 0.549696
133.786 35.4281 0.0147919 0.530944 -0.100221 0.54032
133.873 35.4253 0.0317117 0.522394 -0.0991079 0.531712
133.959 35.4603 0.0249238 0.514807 -0.0981059 0.524071
133.907 35.3481 -0.0440262 0.517574 -0.0984782 0.52686
133.801 35.3284 0.00353486 0.527567 -0.0997997 0.536924
133.983 35.3947 -0.0101633 0.511155 -0.0976226 0.520393
133.949 35.4641 0.0340852 0.515943 -0.098258 0.525216
133.829 35.2891 -0.00152949 0.524023 -0.0993353 0.533355
133.798 35.4522 0.0130904 0.530234 -0.100129 0.539605
133.709 35.4275 0.0180671 0.538347 -0.101173 0.547771
133.958 35.4578 0.0259046 0.514937 -0.0981255 0.524203
133.935 35.4759 0.0383643 0.517509 -0.098462 0.526792
133.776 35.4609 0.0186801 0.532562 -0.100429 0.541949
133.984 35.3772 -0.0244735 0.510668 -0.0975542 0.519902
133.864 35.4519 0.0503075 0.523915 -0.0993064 0.533244
133.985 35.3847 -0.0186049 0.510748 -0.097567 0.519984
133.721 35.4322 0.0238233 0.537317 -0.101042 0.546735
133.805 35.3469 0.00367678 0.527559 -0.0997988 0.536915
133.867 35.4709 0.0381053 0.52399 -0.0993164 0.533319
133.921 35.3172 -0.0164223 0.51568 -0.0982322 0.524952
133.779 35.4397 0.0181979 0.531811 -0.100333 0.541193
133.883 35.4937 0.0274262 0.522867 -0.0991671 0.532188
133.954 35.3663 -0.0404428 0.513294 -0.0979033 0.522547
133.987 35.3544 -0.0212136 0.509932 -0.0974583 0.519161
133.75 35.4825 0.0208926 0.535492 -0.100804 0.544897
133.923 35.4862 0.0281385 0.518747 -0.0986225 0.528038
133.984 35.38 -0.0233614 0.510717 -0.0975629 0.519953
133.723 35.4756 0.0213317 0.538029 -0.101128 0.54745
133.997 35.3894 -0.0190338 0.509605 -0.097413 0.518832
133.858 35.4769 0.0308532 0.525001 -0.0994479 0.534337
133.72 35.3622 -0.000874574 0.535917 -0.100865 0.545326
133.803 35.285 -0.00391997 0.526447 -0.0996528 0.535796
133.854 35.4756 0.0292184 0.525355 -0.0994936 0.534693
133.952 35.3981 -0.0184056 0.514205 -0.0980244 0.523465
133.869 35.3997 -0.0139111 0.522253 -0.0990867 0.53157
133.727 35.3819 0.00321088 0.535715 -0.10084 0.545124
133.895 35.4216 0.0230558 0.520256 -0.0988304 0.52956
133.692 35.3094 0.00145019 0.537637 -0.101099 0.54706
133.711 35.3744 0.00358289 0.537138 -0.101024 0.546556
133.921 35.4197 0.0048689 0.517618 -0.0984752 0.526902
133.994 35.3834 -0.0188129 0.509809 -0.0974395 0.519037
133.822 35.4216 0.0059523 0.527307 -0.0997503 0.536659
133.955 35.3816 -0.0317748 0.513558 -0.0979393 0.522813
133.723 35.2816 -0.0178143 0.534111 -0.100649 0.543511
133.814 35.44 0.00212717 0.528486 -0.0999022 0.537845
133.964 35.3694 -0.0345418 0.512399 -0.0977829 0.521646
133.876 35.33 -0.000967197 0.520324 -0.0988478 0.52963
133.797 35.3297 0.00316816 0.527959 -0.0998501 0.537318
133.934 35.335 -0.0218145 0.514887 -0.0981321 0.524155
133.7 35.2803 -0.00277617 0.536286 -0.100925 0.5457
133.919 35.4559 0.0416019 0.518519 -0.0985928 0.527809
133.951 35.3438 -0.0216006 0.513303 -0.0979162 0.522558
133.72 35.2862 -0.015711 0.534483 -0.100695 0.543886
133.841 35.3047 0.00341039 0.523138 -0.0992183 0.532463
133.701 35.3862 0.0129127 0.538307 -0.101172 0.547732
133.685 35.3025 0.00848519 0.538169 -0.101166 0.547595
133.774 35.4806 0.0132244 0.533225 -0.100514 0.542616
133.879 35.3263 0.00108493 0.519992 -0.0988094 0.529297
133.83 35.2916 -0.000688531 0.523905 -0.0993204 0.533236
133.893 35.2912 -0.00715724 0.517887 -0.0985319 0.527177
133.895 35.3672 -0.0819803 0.519066 -0.0986694 0.528361
133.934 35.4666 0.043868 0.517357 -0.0984429 0.52664
133.983 35.3094 0.00183551 0.509259 -0.0973658 0.518483
133.862 35.3041 0.00494987 0.521132 -0.0989577 0.530444
133.836 35.4066 0.00729456 0.525683 -0.0995439 0.535025
133.981 35.3344 -0.00350868 0.510096 -0.0974833 0.519327
133.741 35.3775 0.00112232 0.534219 -0.100648 0.543617
133.708 35.4956 0.0159502 0.539796 -0.10135 0.549228
133.86 35.3647 -0.0099431 0.522473 -0.0991224 0.531792
133.866 35.3862 -0.0541193 0.522256 -0.0990915 0.531574
133.743 35.4459 0.0218771 0.535471 -0.100804 0.544876
133.822 35.4575 0.0117157 0.52812 -0.0998567 0.537477
133.713 35.3428 -0.0027637 0.536308 -0.100922 0.545721
133.704 35.4394 0.0233659 0.539136 -0.101273 0.548565
133.992 35.2897 0.00134494 0.507905 -0.0971773 0.517118
133.793 35.4622 0.0144531 0.530967 -0.100224 0.540343
133.957 35.2978 0.0108357 0.511504 -0.0976637 0.520744
133.691 35.3275 0.0218854 0.538279 -0.101188 0.547708
133.92 35.3884 -0.050438 0.517025 -0.0983949 0.526304
133.702 35.4138 0.0177829 0.538709 -0.10122 0.548136
133.711 35.4284 0.0170948 0.538153 -0.101149 0.547577
133.836 35.3678 0.00417924 0.525029 -0.0994658 0.534368
133.826 35.3975 0.0131306 0.526448 -0.099641 0.535795
133.796 35.3475 -0.00245253 0.528407 -0.0999049 0.537769
133.87 35.3947 -0.0388403 0.522021 -0.0990577 0.531336
133.97 35.4953 0.0236992 0.514464 -0.0980562 0.523725
133.93 35.49 0.0262947 0.518157 -0.0985453 0.527445
133.77 35.3384 -0.00828146 0.530696 -0.1002 0.540072
133.872 35.4081 -0.000189596 0.522102 -0.0990668 0.531418
133.791 35.4316 0.0108901 0.530457 -0.100158 0.53983
133.741 35.4462 0.0220477 0.535593 -0.100819 0.544999
133.752 35.2959 -0.0134962 0.531691 -0.100339 0.541076
133.912 35.3166 -0.0182487 0.516431 -0.0983296 0.525709
133.811 35.3656 0.0027974 0.527313 -0.0997624 0.536667
133.901 35.3141 -0.0153582 0.517407 -0.0984559 0.526691
133.837 35.3781 0.00674189 0.525079 -0.0994684 0.534418
133.755 35.3669 -0.00186818 0.53261 -0.100439 0.541998
133.773 35.2919 0.00402872 0.529542 -0.100057 0.538912
133.858 35.4616 0.0424957 0.524626 -0.0993993 0.53396
133.759 35.4094 0.0205077 0.533093 -0.100499 0.542484
133.944 35.4722 0.0430166 0.516594 -0.0983455 0.525872
133.989 35.3869 -0.0162112 0.510476 -0.0975358 0.51971
133.915 35.3778 -0.0620744 0.517385 -0.0984513 0.526668
133.841 35.3966 0.00612039 0.525042 -0.09946 0.534379
133.93 35.4578 0.0443325 0.517569 -0.0984678 0.526853
133.863 35.4469 0.0484478 0.523841 -0.0992972 0.533169
133.844 35.3447 0.00335847 0.523479 -0.0992506 0.532805
133.847 35.3353 0.00268642 0.523094 -0.0992037 0.532417
133.785 35.2847 -0.000600782 0.528185 -0.0998791 0.537545
133.828 35.4272 0.00723859 0.526825 -0.0996867 0.536174
133.788 35.36 -0.000383251 0.529384 -0.100029 0.538752
133.934 35.3684 -0.0493643 0.515316 -0.0981766 0.524585
133.979 35.4734 0.0155741 0.513034 -0.0978633 0.522284
133.92 35.3297 -0.021602 0.516044 -0.0982792 0.525319
133.762 35.4125 0.0208385 0.532926 -0.100478 0.542316
133.683 35.4172 0.015075 0.540678 -0.101471 0.550117
133.807 35.3444 0.00280356 0.527312 -0.0997668 0.536667
133.818 35.4478 0.0121614 0.528216 -0.0998685 0.537574
133.693 35.2831 -0.00478579 0.537006 -0.101015 0.546425
133.989 35.3306 0.002975 0.509187 -0.0973555 0.518411
133.897 35.3447 -0.0263078 0.518523 -0.0986049 0.527815
133.832 35.3491 0.00289544 0.524878 -0.0994406 0.534215
133.765 35.4559 0.0171959 0.533551 -0.100557 0.542944
133.737 35.2897 -0.0142475 0.532899 -0.100488 0.542291
133.932 35.3475 -0.0335126 0.515099 -0.0981501 0.524366
133.862 35.3456 0.00401437 0.521968 -0.099062 0.531285
133.9 35.4178 0.0161022 0.519679 -0.0987516 0.528979
133.775 35.3953 0.0154779 0.53128 -0.100267 0.540658
133.762 35.4647 0.0207462 0.533988 -0.100612 0.543384
133.962 35.4203 0.00731523 0.513793 -0.097975 0.523051
133.761 35.4588 0.0183656 0.533968 -0.10061 0.543364
133.943 35.3344 -0.0265834 0.513954 -0.0980073 0.523215
133.984 35.4591 0.0198773 0.512292 -0.097768 0.521538
133.941 35.3028 -0.00172683 0.51323 -0.0978975 0.522483
133.703 35.3362 0.00151439 0.537264 -0.101051 0.546684
133.872 35.3322 0.00125038 0.520726 -0.0988991 0.530035
133.736 35.4669 0.021017 0.536602 -0.100946 0.546014
133.855 35.3097 0.00204527 0.521906 -0.0990553 0.531223
133.987 35.3438 -0.0118563 0.509747 -0.0974383 0.518976
133.982 35.33 -0.00174406 0.509911 -0.0974572 0.51914
133.783 35.4116 0.0154991 0.530867 -0.100213 0.540243
133.857 35.4459 0.0400597 0.524412 -0.0993713 0.533744
133.873 35.4731 0.0354904 0.523393 -0.0992362 0.532718
133.759 35.4206 0.0160242 0.533331 -0.100529 0.542723
133.993 35.2822 0.00587439 0.50758 -0.0971335 0.516791
133.694 35.2806 -0.00279742 0.53682 -0.100992 0.546237
133.849 35.3316 0.00265225 0.522753 -0.0991589 0.532075
133.805 35.3947 0.0150469 0.528384 -0.0998919 0.537743
133.787 35.3034 -9.915e-05 0.528368 -0.0999007 0.53773
133.729 35.4266 0.0190585 0.53638 -0.100922 0.545792
133.953 35.4844 0.0308113 0.515994 -0.0982647 0.525267
133.761 35.3222 -0.00375774 0.531252 -0.100274 0.540632
133.704 35.3191 -0.00629666 0.536791 -0.100996 0.546209
133.725 35.4697 0.0196761 0.537643 -0.101079 0.547062
133.804 35.4406 0.00646639 0.529476 -0.100031 0.538842
133.75 35.4937 0.0162227 0.535764 -0.100838 0.545171
133.854 35.4588 0.0420021 0.525015 -0.0994505 0.534352
133.71 35.4984 0.0154759 0.539716 -0.10134 0.549147
133.734 35.2903 -0.0133367 0.533171 -0.100523 0.542565
133.875 35.4503 0.0505389 0.52275 -0.0991521 0.532071
133.8 35.4584 0.0134317 0.530195 -0.100124 0.539567
133.883 35.4572 0.0468768 0.522142 -0.099073 0.531458
133.946 35.4528 0.0345707 0.516047 -0.0982741 0.525321
133.941 35.2888 -0.00310799 0.512857 -0.097844 0.522107
133.885 35.4359 0.0449228 0.521536 -0.0989963 0.530849
133.78 35.3544 -0.000831416 0.530078 -0.100118 0.53945
133.993 35.3462 -0.00825773 0.50937 -0.097391 0.518597
133.815 35.4953 0.0112381 0.529584 -0.100044 0.538951
133.872 35.4406 0.0456502 0.522874 -0.099171 0.532196
133.856 35.44 0.0299252 0.524413 -0.099372 0.533746
133.964 35.3106 -0.001863 0.511124 -0.0976143 0.520362
133.802 35.2953 -0.0114087 0.526695 -0.0996817 0.536044
133.719 35.3312 -0.00776827 0.535566 -0.100833 0.544975
133.891 35.4128 0.0137855 0.520334 -0.0988335 0.529638
133.718 35.4038 0.0149735 0.536975 -0.100999 0.54639
133.755 35.4869 0.0176667 0.535133 -0.100758 0.544536
133.819 35.3159 -0.000565907 0.525329 -0.0994963 0.534668
133.964 35.2819 0.0166173 0.510547 -0.097539 0.519781
133.983 35.3212 -0.000144498 0.509624 -0.0974177 0.518852
133.801 35.4372 0.00679152 0.529688 -0.100058 0.539056
133.927 35.4531 0.0453244 0.517695 -0.0984855 0.52698
133.892 35.4406 0.0464558 0.520924 -0.0989139 0.530232
133.784 35.3497 -0.000986275 0.529629 -0.100063 0.538998
133.688 35.3703 0.0109936 0.539203 -0.101289 0.548634
133.698 35.3794 0.00993869 0.538406 -0.101186 0.547832
133.843 35.4984 0.0232309 0.526944 -0.0997011 0.536293
133.975 35.2812 0.0144841 0.509582 -0.0974131 0.518809
133.7 35.3237 0.00643466 0.537504 -0.101098 0.546929
133.854 35.2847 0.0111986 0.521552 -0.0990161 0.530867
133.782 35.3609 -9.78187e-05 0.529993 -0.100108 0.539365
133.948 35.3184 -0.0121186 0.512977 -0.0978675 0.52223
133.688 35.3516 0.00767743 0.538872 -0.101247 0.548301
133.896 35.4391 0.0434527 0.520493 -0.09886 0.529798
133.733 35.2806 -0.0200348 0.533088 -0.100513 0.542481
133.764 35.3097 -0.00378805 0.530761 -0.100218 0.54014
133.759 35.4812 0.0173623 0.534601 -0.10069 0.544
133.739 35.4341 0.0205176 0.535558 -0.100816 0.544964
133.787 35.3653 0.0019878 0.529542 -0.100046 0.53891
133.779 35.3394 -0.00429396 0.529838 -0.10009 0.539209
133.99 35.3087 0.00161187 0.508534 -0.097265 0.517753
133.971 35.4622 0.0225937 0.513541 -0.0979292 0.522795
133.874 35.3675 -0.0332254 0.521129 -0.098944 0.530439
133.918 35.4881 0.0280321 0.519465 -0.098721 0.528762
133.855 35.3722 -0.00968997 0.523118 -0.0992065 0.532442
133.709 35.3087 -0.00428892 0.536021 -0.100892 0.545433
133.914 35.4259 0.0208653 0.518528 -0.0986022 0.52782
133.876 35.4887 0.0249066 0.523478 -0.0992475 0.532804
133.856 35.4134 0.0120532 0.523763 -0.0992851 0.53309
133.93 35.3781 -0.0513956 0.51578 -0.0982308 0.525051
133.907 35.3012 -0.00041756 0.516716 -0.0983715 0.525996
133.919 35.485 0.0296697 0.51916 -0.098679 0.528455
133.785 35.3094 0.00969832 0.528689 -0.0999432 0.538052
133.877 35.4766 0.0336125 0.523108 -0.0991986 0.53243
133.753 35.4919 0.0154934 0.535453 -0.100798 0.544858
133.861 35.3622 -0.00860498 0.522264 -0.0990945 0.531582
133.916 35.3584 -0.0537574 0.516861 -0.0983807 0.526141
133.822 35.3725 0.003034 0.526344 -0.0996322 0.535691
133.829 35.4484 0.0159376 0.52723 -0.0997411 0.536581
133.932 35.4359 0.0209251 0.516935 -0.0983877 0.526214
133.721 35.4197 0.0198555 0.537034 -0.101006 0.54645
133.722 35.3203 -0.00774576 0.53505 -0.100768 0.544456
133.905 35.2922 -0.00340325 0.516663 -0.098366 0.525943
133.974 35.4247 0.013419 0.512736 -0.0978376 0.521987
133.941 35.3884 -0.0303604 0.515109 -0.0981505 0.524377
133.92 35.4056 -0.0331907 0.517479 -0.0984589 0.526763
133.71 35.2931 -0.0114397 0.535524 -0.100826 0.544933
133.775 35.28 0.00800229 0.52911 -0.100002 0.538478
133.812 35.3034 -0.00769272 0.525897 -0.0995773 0.535242
133.748 35.3403 -0.0160376 0.532718 -0.100456 0.542107
133.786 35.315 0.009826 0.528788 -0.099959 0.538153
133.789 35.3072 0.00651135 0.528172 -0.0998755 0.537532
133.96 35.39 -0.024387 0.513345 -0.0979175 0.5226
133.969 35.4259 0.0181838 0.513282 -0.0979088 0.522536
133.794 35.3366 0.000787181 0.528479 -0.0999213 0.537842
133.823 35.4484 0.0146017 0.527851 -0.0998219 0.537207
133.761 35.3994 0.0133865 0.532784 -0.100461 0.542173
133.704 35.3744 0.00589423 0.537753 -0.101103 0.547175
133.816 35.4619 0.0114091 0.528721 -0.0999338 0.538082
133.812 35.355 0.00392061 0.527095 -0.0997348 0.536448
133.727 35.4281 0.0195225 0.536634 -0.100953 0.546047
133.804 35.4097 0.0131104 0.528815 -0.0999456 0.538177
133.728 35.3234 -0.0141001 0.53449 -0.100692 0.543892
133.94 35.2884 -0.00350391 0.512944 -0.0978555 0.522195
133.823 35.3431 0.00301433 0.525657 -0.0995469 0.534999
133.834 35.2978 -0.000584298 0.523612 -0.0992792 0.532941
133.749 35.4403 0.0216017 0.534765 -0.100714 0.544166
133.823 35.4709 0.0112695 0.528257 -0.0998731 0.537615
133.825 35.3762 0.00503167 0.526138 -0.0996062 0.535483
133.703 35.445 0.0218641 0.5393 -0.101293 0.548731
133.74 35.4087 0.0140089 0.534926 -0.100736 0.544329
133.744 35.4453 0.0207403 0.535361 -0.10079 0.544766
133.776 35.4147 0.02073 0.531609 -0.100307 0.54099
133.83 35.3384 0.0036362 0.524788 -0.0994271 0.534124
133.682 35.4934 0.0236212 0.542282 -0.101663 0.551729
133.956 35.4744 0.0311879 0.515443 -0.0981904 0.524712
133.793 35.3434 0.00173145 0.528634 -0.0999357 0.537998
133.95 35.5 0.0267817 0.516495 -0.0983262 0.525771
133.902 35.3916 -0.0588742 0.518983 -0.0986622 0.528278
133.837 35.3881 0.0141051 0.525315 -0.0995007 0.534655
133.992 35.4972 0.018278 0.512277 -0.0977605 0.521522
133.975 35.4828 0.0170432 0.513601 -0.0979382 0.522856
133.958 35.4547 0.0267262 0.514866 -0.0981139 0.524131
133.849 35.4141 0.00733623 0.524518 -0.0993875 0.533851
133.998 35.3241 0.00549855 0.508173 -0.0972195 0.517389
133.686 35.4053 0.0134134 0.540094 -0.101399 0.54953
133.996 35.4469 0.0099665 0.510833 -0.0975682 0.520068
133.928 35.2991 -0.00371223 0.514484 -0.0980675 0.523747
133.945 35.4038 -0.0190706 0.515053 -0.0981397 0.52432
134 35.3969 -0.0164942 0.5094 -0.0973786 0.518624
133.844 35.3456 0.00427248 0.523521 -0.0992561 0.532847
133.809 35.4703 0.0103527 0.529641 -0.100052 0.539008
133.886 35.4909 0.0296519 0.522527 -0.0991222 0.531846
133.839 35.3234 -0.00144158 0.52356 -0.0992656 0.532887
133.858 35.3212 0.00412428 0.521868 -0.0990483 0.531184
133.775 35.2906 0.00632466 0.529285 -0.100023 0.538653
133.709 35.4475 0.0231892 0.538785 -0.101227 0.548212
133.75 35.3453 -0.0126008 0.532716 -0.100457 0.542105
133.694 35.3012 0.00515017 0.537286 -0.101053 0.546706
133.995 35.3525 -0.0115176 0.50919 -0.0973634 0.518415
133.761 35.3387 -0.00867426 0.531511 -0.100305 0.540893
133.995 35.3872 -0.017604 0.509917 -0.097457 0.519147
133.965 35.3978 -0.0173041 0.512912 -0.0978521 0.522162
133.83 35.4672 0.0143533 0.527514 -0.0997756 0.536867
133.848 35.2809 0.0141794 0.522103 -0.0990876 0.531423
133.748 35.4547 0.022556 0.535096 -0.100755 0.544499
133.98 35.3353 -0.0059408 0.510168 -0.0974938 0.5194
133.852 35.4016 0.00502929 0.523972 -0.0993145 0.533301
133.75 35.2947 -0.014411 0.531863 -0.100359 0.541249
133.918 35.2866 -0.00438998 0.515088 -0.0981461 0.524355
133.973 35.3284 -0.00612427 0.510808 -0.0975787 0.520044
133.75 35.4731 0.0216762 0.535332 -0.100784 0.544736
133.85 35.4441 0.030641 0.525038 -0.0994522 0.534374
133.837 35.4466 0.0188139 0.526412 -0.0996329 0.535758
133.924 35.4612 0.0445391 0.518216 -0.0985541 0.527505
133.69 35.3256 0.0219251 0.538327 -0.101194 0.547755
133.738 35.4487 0.0229606 0.535993 -0.100871 0.545402
133.7 35.3044 -5.22088e-05 0.536716 -0.10098 0.546133
133.795 35.4869 0.0110214 0.531334 -0.10027 0.540712
133.951 35.3628 -0.0409478 0.513517 -0.0979327 0.522772
133.85 35.3506 0.00633505 0.523029 -0.0991929 0.532352
133.982 35.3131 -0.000321725 0.509422 -0.0973873 0.518647
133.987 35.4016 -0.0130407 0.510862 -0.0975802 0.520098
133.709 35.2806 -0.00993725 0.535412 -0.100814 0.54482
133.736 35.3825 0.00366717 0.534853 -0.100729 0.544255
133.954 35.3722 -0.0369549 0.513351 -0.097906 0.522604
133.746 35.4663 0.0207781 0.535614 -0.10082 0.54502
133.95 35.2837 0.00138194 0.511846 -0.0977097 0.521089
133.713 35.3644 0.00230137 0.536664 -0.100962 0.546078
133.709 35.3641 0.00264505 0.536987 -0.101003 0.546403
133.838 35.3738 0.00295038 0.524837 -0.0994368 0.534174
133.957 35.3728 -0.0329323 0.513014 -0.0978613 0.522264
133.771 35.3434 -0.00703182 0.530691 -0.1002 0.540067
133.868 35.3506 -0.00533288 0.52158 -0.0990132 0.530895
133.695 35.2972 0.0032015 0.537071 -0.101025 0.54649
133.852 35.4653 0.0406861 0.525291 -0.0994852 0.534629
133.755 35.3359 -0.0112541 0.532017 -0.100369 0.541402
133.871 35.3056 0.00295521 0.520279 -0.098842 0.529585
133.923 35.4175 -0.0025195 0.517386 -0.0984449 0.526669
133.854 35.3828 0.00887153 0.523298 -0.0992251 0.532622
133.825 35.3922 0.00994249 0.526457 -0.0996448 0.535804
133.684 35.31 0.0112201 0.538515 -0.101214 0.547944
133.793 35.2944 -0.012155 0.527585 -0.0998009 0.536942
133.9 35.4878 0.0278848 0.521121 -0.0989378 0.530429
133.883 35.3794 -0.0814496 0.520392 -0.0988425 0.529696
133.789 35.3787 0.00685053 0.529674 -0.100063 0.539043
133.751 35.3378 -0.015642 0.532454 -0.100423 0.541842
133.868 35.3656 -0.0194156 0.521796 -0.0990376 0.531112
133.993 35.3891 -0.0163063 0.510109 -0.0974828 0.51934
133.772 35.4256 0.0232071 0.532199 -0.100384 0.541584
133.942 35.3978 -0.022755 0.51516 -0.0981527 0.524427
133.73 35.3122 -0.00892668 0.534047 -0.100638 0.543447
133.786 35.3409 0.000789693 0.529296 -0.100021 0.538664
133.925 35.4897 0.0255678 0.518686 -0.098615 0.527977
133.864 35.3422 0.00627253 0.521698 -0.0990289 0.531013
133.884 35.3516 -0.030963 0.519829 -0.098776 0.52913
133.878 35.4609 0.0428202 0.522696 -0.0991443 0.532016
133.74 35.3991 0.00674853 0.534763 -0.100714 0.544165
133.905 35.3031 -2.81654e-05 0.516999 -0.0984107 0.526282
133.759 35.4522 0.0194417 0.533998 -0.100614 0.543394
133.945 35.3791 -0.0413334 0.514356 -0.0980424 0.523616
133.896 35.4856 0.0334913 0.521474 -0.0989838 0.530786
133.871 35.4597 0.0472515 0.523373 -0.0992343 0.532698
133.713 35.3519 -0.0021023 0.536403 -0.10093 0.545816
133.779 35.3384 -0.00464847 0.529842 -0.100092 0.539213
133.754 35.3791 0.00300488 0.532986 -0.100489 0.542376
133.716 35.4231 0.0172626 0.537586 -0.101076 0.547006
133.784 35.3641 0.00142497 0.529803 -0.100082 0.539173
133.81 35.4191 0.00903782 0.528369 -0.0998873 0.537728
133.825 35.4612 0.0131475 0.527908 -0.0998275 0.537264
133.85 35.3853 0.010745 0.523846 -0.0993003 0.533174
133.753 35.3984 0.005482 0.533467 -0.100549 0.542861
133.739 35.4041 0.0115105 0.534988 -0.100745 0.544392
133.889 35.4444 0.0502504 0.521258 -0.0989573 0.530568
133.723 35.4741 0.0217958 0.537995 -0.101124 0.547416
133.861 35.4728 0.0354598 0.52463 -0.0993988 0.533964
133.954 35.4513 0.0278563 0.51527 -0.0981712 0.524539
133.877 35.4009 -0.0253867 0.521425 -0.0989776 0.530736
133.766 35.3534 -0.00710915 0.531321 -0.100276 0.540701
133.755 35.3122 -0.00746926 0.531757 -0.100347 0.541142
133.918 35.4187 0.00444207 0.517855 -0.0985074 0.527141
133.962 35.4556 0.0247785 0.514429 -0.0980524 0.52369
133.721 35.4884 0.0188618 0.538418 -0.101176 0.547842
133.945 35.4991 0.0247419 0.51698 -0.0983901 0.526259
133.885 35.3041 0.00664462 0.518941 -0.0986679 0.528238
133.934 35.4609 0.0439955 0.517209 -0.0984214 0.52649
133.958 35.3731 -0.0323186 0.512956 -0.0978534 0.522206
133.854 35.3909 0.00284795 0.523573 -0.099263 0.5329
133.805 35.4981 0.00853654 0.530545 -0.100168 0.539918
133.723 35.3331 -0.00987528 0.535064 -0.100764 0.54447
133.917 35.3606 -0.0540988 0.516779 -0.0983687 0.526057
133.852 35.3453 0.00100668 0.52285 -0.0991717 0.532172
133.862 35.4462 0.0468533 0.523981 -0.0993172 0.533311
133.713 35.4412 0.02156 0.538285 -0.101164 0.547709
133.803 35.3062 -0.00809727 0.526919 -0.0997162 0.536272
133.989 35.3178 -0.000475163 0.508963 -0.097328 0.518185
133.945 35.4044 -0.0177631 0.515082 -0.0981445 0.524349
133.963 35.4875 0.026984 0.515086 -0.0981422 0.524352
133.777 35.3772 0.00448456 0.530689 -0.10019 0.540063
133.982 35.4631 0.0194979 0.512563 -0.0978032 0.521811
133.777 35.425 0.0228916 0.531733 -0.100324 0.541114
133.769 35.3497 -0.0059684 0.530989 -0.100234 0.540367
133.701 35.3362 0.00232454 0.537479 -0.101081 0.546901
133.966 35.3731 -0.0314431 0.512208 -0.0977534 0.521453
133.825 35.4144 0.00665033 0.526899 -0.0996972 0.536248
133.794 35.4428 0.0120289 0.530435 -0.100156 0.539808
133.69 35.4459 0.0168411 0.540521 -0.101447 0.549959
133.88 35.4266 0.0363902 0.521837 -0.099036 0.531151
133.799 35.3494 -0.00230648 0.528148 -0.0998703 0.537507
133.746 35.3981 0.00482922 0.534127 -0.100634 0.543525
133.778 35.35 -0.00237634 0.530117 -0.100124 0.53949
133.862 35.4756 0.0353693 0.524613 -0.0993995 0.533947
133.843 35.36 0.00509903 0.523884 -0.0993038 0.533212
133.802 35.4447 0.00983566 0.52973 -0.100064 0.539098
133.954 35.4341 0.00902418 0.514793 -0.0981048 0.524057
133.873 35.3316 0.000479901 0.520575 -0.0988799 0.529883
133.686 35.4522 0.0209899 0.541053 -0.101515 0.550494
133.694 35.3325 0.0147019 0.538043 -0.101154 0.547469
133.734 35.2922 -0.0136794 0.533221 -0.100529 0.542615
133.832 35.3466 0.00377568 0.524886 -0.0994446 0.534223
133.868 35.3572 -0.0122543 0.521542 -0.099002 0.530855
133.873 35.4653 0.041133 0.523308 -0.0992249 0.532632
133.801 35.4569 0.0129886 0.530113 -0.100113 0.539483
133.97 35.3125 -0.00113781 0.510596 -0.0975454 0.51983
133.895 35.4078 -0.00505051 0.519888 -0.0987745 0.529188
133.755 35.4516 0.0215816 0.534424 -0.100668 0.543822
133.74 35.4372 0.0200762 0.535546 -0.100814 0.544952
133.737 35.4213 0.0150406 0.535487 -0.100806 0.544892
133.783 35.4038 0.0143797 0.530722 -0.100194 0.540097
133.881 35.3144 -0.00271361 0.519342 -0.0987104 0.528639
133.989 35.3759 -0.0240118 0.510068 -0.0974703 0.519297
133.739 35.3059 -0.00706705 0.533035 -0.100508 0.542428
133.702 35.4034 0.0127232 0.538578 -0.101206 0.548004
133.94 35.3222 -0.0181326 0.513889 -0.097992 0.523149
133.795 35.285 -0.00803511 0.52718 -0.0997481 0.536534
133.818 35.3472 0.00378922 0.526433 -0.0996538 0.535782
133.945 35.4822 0.0296343 0.516683 -0.0983525 0.52596
133.866 35.3809 -0.0753453 0.522236 -0.0990896 0.531554
133.789 35.3569 0.000240692 0.529169 -0.099999 0.538534
133.717 35.3897 0.00506461 0.5368 -0.100978 0.546215
133.856 35.4056 0.0103464 0.52362 -0.0992666 0.532946
133.755 35.3391 -0.0131708 0.532144 -0.100385 0.54153
133.939 35.4387 0.0193888 0.516339 -0.0983086 0.525614
133.958 35.3553 -0.0375374 0.512868 -0.0978575 0.52212
133.882 35.4147 0.0182953 0.521321 -0.0989649 0.530631
133.876 35.3959 -0.041476 0.521483 -0.0989878 0.530795
133.709 35.4975 0.0168902 0.53979 -0.101349 0.549222
133.985 35.4325 0.0078783 0.511734 -0.0976987 0.520977
133.807 35.3916 0.0154062 0.528142 -0.0998609 0.5375
133.751 35.2906 -0.0127465 0.531633 -0.100328 0.541017
133.746 35.4466 0.0201523 0.535105 -0.100757 0.544508
133.861 35.4741 0.0347492 0.524672 -0.0994048 0.534006
133.934 35.3162 -0.00966333 0.514347 -0.0980527 0.52361
133.944 35.4719 0.0434571 0.516629 -0.0983499 0.525907
133.871 35.2806 0.00801651 0.519912 -0.0988028 0.529217
133.949 35.4591 0.0336697 0.515886 -0.0982525 0.525159
133.951 35.3963 -0.018062 0.51423 -0.0980301 0.523491
133.854 35.2844 0.011814 0.521529 -0.0990135 0.530845
133.972 35.3103 0.00217119 0.510374 -0.097516 0.519607
133.755 35.4616 0.0221549 0.53462 -0.100693 0.54402
133.955 35.3438 -0.0237337 0.512982 -0.0978766 0.522236
133.973 35.2991 0.00493763 0.51007 -0.0974742 0.519301
133.956 35.4141 -0.00185051 0.514185 -0.0980241 0.523445
133.943 35.3859 -0.0363342 0.514793 -0.0981039 0.524057
133.695 35.2987 0.00298412 0.537079 -0.101026 0.546498
133.869 35.3181 0.0021594 0.520574 -0.0988741 0.529881
133.793 35.3456 -0.000190958 0.52867 -0.0999395 0.538033
133.69 35.3456 0.0110767 0.538532 -0.101204 0.547959
133.938 35.3922 -0.033364 0.515483 -0.0982002 0.524753
133.873 35.29 0.0129564 0.519943 -0.0988065 0.529248
133.764 35.3047 -0.00788009 0.530623 -0.100198 0.54
133.766 35.4053 0.0199897 0.532392 -0.100409 0.541778
133.892 35.2906 -0.00796777 0.517994 -0.0985463 0.527284
133.903 35.4853 0.0293686 0.520784 -0.0988942 0.530091
133.951 35.4022 -0.017128 0.514277 -0.0980318 0.523537
133.707 35.4706 0.0245514 0.539403 -0.101303 0.548833
133.817 35.2912 -0.0029283 0.525139 -0.0994801 0.534479
133.686 35.3862 0.01999 0.539779 -0.10136 0.549213
133.924 35.41 -0.0181398 0.517042 -0.0983972 0.526322
133.891 35.2575 0.00341341 0.517311 -0.0984491 0.526595
133.825 35.0984 -0.0152353 0.520119 -0.0988138 0.529422
133.828 35.2741 0.0105482 0.523819 -0.0993131 0.53315
134.061 35.4581 -0.00715116 0.504413 -0.0966875 0.513596
133.861 35.0806 0.00741176 0.515998 -0.0982547 0.525269
133.735 35.1362 -0.027911 0.529844 -0.100102 0.539217
133.794 35.2028 -0.00331281 0.525575 -0.0995419 0.534918
133.855 35.2378 0.0120704 0.520292 -0.0988448 0.529598
134.077 35.1766 -0.0146768 0.496325 -0.0955588 0.50544
133.705 35.2225 -0.000478131 0.534421 -0.100684 0.543822
134.098 35.5166 0.0138143 0.502002 -0.0963574 0.511166
133.878 35.1859 0.00647756 0.516851 -0.0983818 0.526131
134.005 35.3266 0.00516463 0.507482 -0.0971268 0.516693
133.771 35.245 -0.00513644 0.528755 -0.0999579 0.53812
133.691 35.1253 -0.0155761 0.533738 -0.100602 0.543136
134.032 35.1378 0.00143938 0.500132 -0.0960915 0.509279
133.7 35.0941 -0.0266294 0.532023 -0.100371 0.541408
133.992 35.2125 0.0107498 0.505996 -0.0969095 0.515192
134.008 35.1372 -0.00329806 0.50243 -0.0964058 0.511595
134.008 35.1863 0.00564376 0.503685 -0.0965858 0.512862
133.853 35.2666 0.0100181 0.521387 -0.0990011 0.530703
133.782 35.1531 -0.00823726 0.525497 -0.0995255 0.534838
133.901 35.2566 0.0147225 0.516352 -0.0983245 0.52563
133.87 35.0956 0.00211793 0.515557 -0.0982023 0.524826
134.081 35.4553 -0.00544124 0.50235 -0.0964054 0.511517
134.062 35.1231 -0.0105638 0.496568 -0.0955883 0.505685
133.783 35.1809 -0.00359396 0.526111 -0.0996128 0.535458
133.868 35.2178 0.0125967 0.518534 -0.0986039 0.527826
133.817 35.0831 -0.00552638 0.520503 -0.0988633 0.529809
133.989 35.1734 0.00309104 0.505497 -0.096842 0.51469
133.863 35.2366 0.0144818 0.519611 -0.0987551 0.528912
134.014 35.0916 -0.00321722 0.500696 -0.0961588 0.509846
134.065 35.2434 -0.00591685 0.499328 -0.0959908 0.508471
133.926 35.1881 0.0115735 0.511984 -0.0977208 0.521226
133.69 35.1009 -0.0254291 0.533277 -0.100538 0.542672
133.692 35.2037 -0.00675559 0.535367 -0.10081 0.544776
133.876 35.5022 0.021154 0.523803 -0.0992902 0.53313
134.087 35.3803 -0.00887071 0.500176 -0.0961095 0.509326
133.972 35.1747 0.0102697 0.507024 -0.097041 0.516227
133.844 35.1472 0.00185207 0.51936 -0.098715 0.528658
133.766 35.1747 -0.00827704 0.5276 -0.0998065 0.536958
134.071 35.1159 -0.00715052 0.49535 -0.095414 0.504456
133.88 35.1659 0.00449964 0.51605 -0.0982674 0.525323
134.009 35.1512 0.000790934 0.502768 -0.0964582 0.511937
134.088 35.2069 -0.0026607 0.495962 -0.0955124 0.505076
133.896 35.2547 0.00573294 0.516702 -0.0983698 0.525982
133.743 35.2625 -0.00638961 0.531716 -0.100338 0.541101
133.993 35.0828 -0.00615512 0.502599 -0.0964234 0.511765
133.914 35.1053 -0.0012415 0.511127 -0.0975944 0.520361
134.013 35.2991 0.000605733 0.506092 -0.0969349 0.515292
133.83 35.235 0.00839666 0.522783 -0.0991766 0.532107
133.733 35.1916 -0.0257457 0.531056 -0.100249 0.540435
133.747 35.1134 -0.0230628 0.5281 -0.0998707 0.53746
133.955 35.1431 0.0105907 0.507961 -0.0971684 0.517171
134.023 35.2137 0.00183897 0.502897 -0.0964834 0.512069
134.026 35.1941 0.000102235 0.501991 -0.0963485 0.511154
133.911 35.11 -0.00135139 0.511606 -0.0976595 0.520844
133.829 35.2284 0.0050256 0.522677 -0.0991609 0.532
134.034 35.2609 -0.0120797 0.502949 -0.0964971 0.512123
133.741 35.1541 -0.00923164 0.529581 -0.100065 0.538952
133.79 35.1584 -0.00684607 0.524914 -0.0994533 0.534252
133.714 35.2078 -0.0114308 0.533377 -0.100555 0.542773
133.992 35.1909 0.00143419 0.505518 -0.0968444 0.514711
133.805 35.2681 0.00341329 0.52587 -0.0995804 0.535215
134.032 35.2272 -0.00173232 0.502221 -0.096389 0.511387
133.789 35.2625 0.00386761 0.527326 -0.0997678 0.536681
133.783 35.1106 -0.0150444 0.524388 -0.0993756 0.533721
134.034 35.4122 -0.005467 0.506204 -0.0969396 0.515403
133.707 35.2016 -0.0134063 0.533967 -0.100632 0.543367
133.986 35.2784 0.00961004 0.508371 -0.0972474 0.517589
133.865 35.2188 0.0122074 0.518871 -0.0986503 0.528166
134.064 35.3884 0.00159811 0.502908 -0.0965018 0.512083
134.066 35.3478 0.0108096 0.501783 -0.0963431 0.510948
134.077 35.2903 -0.00428649 0.49934 -0.096003 0.508485
133.741 35.5019 0.0107894 0.53678 -0.100967 0.546193
133.775 35.1084 -0.0151926 0.525115 -0.0994686 0.534453
133.707 35.2384 -0.0158311 0.534711 -0.100727 0.544116
133.983 35.1678 0.00657417 0.505879 -0.0968904 0.515074
133.704 35.1231 -0.0228936 0.532519 -0.100443 0.541909
134.096 35.4303 -0.00363857 0.500347 -0.0961322 0.509498
133.954 35.2737 0.00309664 0.511494 -0.0976712 0.520735
134.058 35.4797 0.00720849 0.505231 -0.0968009 0.514421
133.957 35.5138 0.0217245 0.516125 -0.098275 0.525398
133.762 35.1681 -0.00820299 0.527843 -0.0998368 0.537202
133.891 35.2272 0.00748277 0.516469 -0.0983279 0.525746
134.082 35.2031 -0.00368328 0.496457 -0.0955798 0.505574
133.683 35.1141 -0.0161086 0.53429 -0.100671 0.543691
133.748 35.2587 -0.00304768 0.531154 -0.100267 0.540535
133.92 35.1809 0.00849756 0.512365 -0.0977693 0.52161
133.714 35.0894 -0.0238129 0.530628 -0.100193 0.540004
134.07 35.1091 -0.00691937 0.4954 -0.0954212 0.504506
133.984 35.5209 0.0210586 0.513549 -0.0979288 0.522803
134.094 35.4094 -0.0106501 0.500066 -0.0960953 0.509215
133.684 35.1916 -0.00295658 0.535933 -0.100886 0.545346
133.981 35.1844 0.0087178 0.506427 -0.0969637 0.515626
133.973 35.1819 0.0108601 0.507063 -0.0970493 0.516266
133.907 35.205 0.00732381 0.514244 -0.0980251 0.523503
134.028 35.3509 0.00192142 0.5057 -0.0968809 0.514897
133.991 35.2519 0.00243546 0.507285 -0.0970985 0.516495
134.048 35.5019 0.00594991 0.506645 -0.0969935 0.515846
133.921 35.2694 0.00307769 0.514369 -0.0980483 0.523631
133.988 35.1587 0.0047702 0.505146 -0.0967899 0.514336
134.065 35.46 -0.00590672 0.504006 -0.0966312 0.513186
133.856 35.2622 0.0126034 0.52096 -0.0989424 0.530273
133.966 35.2428 0.0122095 0.509498 -0.0973993 0.518724
133.879 35.1291 0.00533041 0.515275 -0.0981609 0.524541
134.061 35.2963 -0.00904155 0.501161 -0.0962572 0.510322
133.97 35.2062 0.0102849 0.508298 -0.0972358 0.517514
134.019 35.3509 0.00994126 0.506722 -0.0970269 0.515927
133.82 35.1866 0.0194278 0.522786 -0.0991827 0.532111
133.863 35.25 0.0113428 0.519861 -0.0987907 0.529165
134.003 35.1197 0.000461588 0.502487 -0.0964109 0.511653
133.872 35.2247 0.0167088 0.518369 -0.098587 0.52766
133.959 35.2769 0.0058953 0.511 -0.097602 0.520238
134.089 35.3141 -0.0016404 0.498423 -0.095866 0.507558
133.693 35.2094 -0.00881586 0.535443 -0.100819 0.544852
134.022 35.4294 -0.00969779 0.50782 -0.0971578 0.517031
133.995 35.205 0.0111527 0.505605 -0.0968583 0.514799
133.721 35.2013 -0.0208152 0.532591 -0.100453 0.541982
133.818 35.2125 0.00242927 0.523704 -0.0993104 0.533037
133.768 35.1212 -0.0203408 0.52622 -0.0996226 0.535567
134.022 35.2316 0.00351878 0.5034 -0.0965544 0.512576
133.857 35.1388 4.48267e-05 0.517856 -0.0985122 0.527142
133.884 35.2716 0.00838209 0.518303 -0.098583 0.527595
133.72 35.1653 -0.016228 0.531855 -0.100357 0.54124
134.036 35.5153 0.0115873 0.508243 -0.0972112 0.517456
133.753 35.1306 -0.0156317 0.528035 -0.0998673 0.537396
134.058 35.4725 0.00566044 0.505061 -0.0967776 0.514249
133.691 35.0966 -0.024328 0.532979 -0.100495 0.542371
133.931 35.2169 0.0159481 0.512211 -0.0977541 0.521456
134.078 35.2528 -0.00363307 0.498317 -0.0958567 0.507453
134.06 35.1638 -0.00224032 0.497722 -0.0957506 0.506848
134.02 35.3113 0.00510562 0.505528 -0.0968541 0.514722
133.942 35.2019 0.0254326 0.510895 -0.0975827 0.520131
133.849 35.155 0.00497815 0.518911 -0.0986506 0.528206
133.734 35.2697 -0.0179255 0.532771 -0.100473 0.542162
134.055 35.3922 -0.00492496 0.50383 -0.0966234 0.513011
134.077 35.1925 -0.00501388 0.496608 -0.0955978 0.505726
133.889 35.1756 0.00671268 0.515465 -0.0981895 0.524734
133.805 35.2375 0.0072917 0.525477 -0.0995397 0.534822
133.955 35.2622 0.00658262 0.511087 -0.0976157 0.520325
133.806 35.17 0.0101622 0.523596 -0.0992781 0.532924
133.957 35.1056 0.0070281 0.50681 -0.0970051 0.51601
134.053 35.2881 -0.00956909 0.501775 -0.0963402 0.51094
134.086 35.3569 0.0024444 0.499993 -0.0960957 0.509144
133.953 35.1481 0.00850725 0.508276 -0.0972083 0.517488
134.061 35.5047 0.00150514 0.505453 -0.0968316 0.514645
133.759 35.2175 -0.00925207 0.529285 -0.100025 0.538653
134.02 35.1434 0.00373263 0.50148 -0.0962799 0.510639
134.02 35.3738 -0.0041931 0.50708 -0.0970749 0.516289
133.75 35.1159 -0.0198953 0.527846 -0.0998361 0.537204
133.839 35.1028 -0.00177603 0.518754 -0.0986298 0.528047
133.995 35.1691 0.00218979 0.504716 -0.0967344 0.513903
133.883 35.2175 0.0105663 0.517001 -0.0983983 0.526281
133.691 35.0944 -0.0249007 0.53287 -0.10048 0.54226
134.096 35.3006 0.000411017 0.497531 -0.0957485 0.506661
133.861 35.1294 -0.00094718 0.517066 -0.0984008 0.526346
133.738 35.2084 -0.0145606 0.531033 -0.100248 0.540412
133.874 35.2522 0.00612956 0.51884 -0.0986531 0.528135
134.061 35.4406 -0.00928411 0.504061 -0.0966413 0.513242
134.041 35.1478 0.00080023 0.49947 -0.0960035 0.508613
133.886 35.1056 0.00208157 0.514011 -0.0979877 0.523268
134.092 35.4006 -0.0175874 0.500139 -0.0961063 0.509289
133.969 35.0984 0.00290284 0.505497 -0.0968243 0.514686
133.71 35.1103 -0.0269871 0.531559 -0.100315 0.540942
134.047 35.1294 -0.0059932 0.498434 -0.0958568 0.507568
133.787 35.1478 -0.0109559 0.525017 -0.0994659 0.534356
134.062 35.4162 -0.00631244 0.503445 -0.0965619 0.512622
133.692 35.2659 -0.000292079 0.536729 -0.100984 0.546146
133.975 35.1238 0.00786846 0.505548 -0.0968356 0.514739
133.975 35.2609 -0.00209318 0.509238 -0.0973718 0.518464
133.858 35.2481 0.0144213 0.520425 -0.0988689 0.529733
133.77 35.1881 0.00215754 0.527589 -0.099809 0.536947
133.841 35.2766 0.0187617 0.522654 -0.0991634 0.531978
133.712 35.1741 -0.0238193 0.532779 -0.100475 0.54217
134.091 35.4809 0.00436897 0.501977 -0.0963563 0.511141
133.754 35.1806 -0.0155137 0.528806 -0.0999572 0.53817
133.846 35.2656 0.0204966 0.521898 -0.0990632 0.531216
133.97 35.2441 0.00865275 0.50923 -0.0973668 0.518455
133.805 35.2453 0.00755036 0.525473 -0.0995339 0.534816
134.021 35.0869 -0.00591987 0.499869 -0.0960433 0.509012
133.685 35.2197 -0.00305334 0.536374 -0.100939 0.545789
133.7 35.1309 -0.0201009 0.532967 -0.100497 0.542359
133.942 35.5106 0.0230815 0.517533 -0.0984633 0.526816
133.929 35.0884 -0.00233755 0.509303 -0.0973446 0.518522
133.683 35.2166 -0.0025793 0.536523 -0.100957 0.545938
134.032 35.2622 -0.0128134 0.503262 -0.0965428 0.512438
134.068 35.4909 0.00445601 0.504372 -0.0966818 0.513555
133.843 35.2209 0.00965682 0.52122 -0.0989712 0.530534
134.042 35.2359 -0.00185544 0.501453 -0.0962819 0.510613
133.988 35.095 -0.0020598 0.503425 -0.0965391 0.512598
133.952 35.1753 0.0135755 0.50909 -0.0973275 0.51831
133.968 35.1978 0.016563 0.50831 -0.0972319 0.517526
133.877 35.2531 0.00649617 0.518572 -0.0986165 0.527866
133.688 35.215 -0.00532228 0.535954 -0.100882 0.545366
133.967 35.1716 0.00912874 0.507482 -0.097106 0.516689
134.003 35.4594 0.0100066 0.510413 -0.0975137 0.519644
134.045 35.4187 -0.00360666 0.505538 -0.0968594 0.514733
133.979 35.2703 0.00732465 0.508934 -0.097325 0.518156
133.802 35.1016 -0.0146752 0.522375 -0.0991116 0.531695
134.051 35.1369 -0.00460317 0.498219 -0.0958281 0.507352
134.056 35.3325 -0.00471003 0.502103 -0.0963714 0.511268
134.055 35.2359 -0.00299337 0.500069 -0.0960898 0.509218
133.796 35.1672 0.00463171 0.524626 -0.0994219 0.533964
133.749 35.0906 -0.0126254 0.527238 -0.099747 0.536591
133.681 35.1147 -0.013575 0.534418 -0.100685 0.54382
134.053 35.4862 0.00497837 0.505824 -0.0968805 0.515018
134.043 35.4678 0.00889859 0.50647 -0.0969689 0.515669
134.043 35.4556 0.000298109 0.506211 -0.0969334 0.515408
134.002 35.3612 -0.0203478 0.508602 -0.0972776 0.517821
133.975 35.1656 0.00858914 0.506524 -0.0969738 0.515723
133.681 35.1875 -0.00515361 0.53613 -0.10091 0.545544
134.049 35.44 -0.00457815 0.505433 -0.0968375 0.514626
133.95 35.5072 0.0238129 0.516675 -0.0983482 0.525952
133.766 35.2231 -0.00186889 0.528807 -0.0999673 0.538173
133.717 35.0975 -0.0313563 0.530541 -0.10018 0.539916
133.804 35.1938 0.0132677 0.524352 -0.0993795 0.533686
133.731 35.1594 -0.0201893 0.530565 -0.100187 0.539942
133.994 35.1384 -0.000701218 0.503947 -0.0966188 0.513125
134.096 35.4738 0.00433372 0.50123 -0.0962538 0.510389
133.847 35.0872 0.00548125 0.517633 -0.0984791 0.526917
133.79 35.14 -0.0163952 0.52443 -0.0993832 0.533763
134.07 35.1016 -0.00957537 0.495186 -0.0953898 0.50429
134.098 35.4628 -0.000176854 0.500733 -0.0961829 0.509887
134.016 35.1856 0.00469152 0.502816 -0.0964643 0.511986
133.912 35.1506 0.000403642 0.512527 -0.0977902 0.521772
133.985 35.1844 0.00813264 0.505959 -0.0968965 0.515154
134.038 35.3025 0.000568351 0.503613 -0.0965939 0.512792
134.017 35.4109 -0.0196403 0.507889 -0.0971666 0.5171
133.975 35.5175 0.0226742 0.514399 -0.0980437 0.523659
133.912 35.0944 -0.00326787 0.511091 -0.0975903 0.520325
134.021 35.1562 0.000770679 0.501696 -0.0963107 0.510857
134.095 35.2725 -0.00584374 0.49702 -0.0956766 0.506145
133.804 35.135 -0.0129258 0.52292 -0.0991813 0.532242
133.769 35.5003 0.0116037 0.534116 -0.100627 0.543512
134.083 35.2812 0.000950576 0.498413 -0.09587 0.50755
134.079 35.2744 0.00294253 0.498818 -0.095933 0.507959
133.88 35.1978 0.0065334 0.517144 -0.0984306 0.526428
133.77 35.2756 0.00722984 0.529443 -0.100047 0.538813
133.775 35.165 -0.00178086 0.52657 -0.0996716 0.53592
133.888 35.5087 0.018549 0.522721 -0.0991481 0.532041
133.832 35.1744 0.00840165 0.521121 -0.098953 0.530433
134.081 35.3681 -0.0063587 0.500564 -0.0961667 0.509718
134.027 35.4069 -0.00568522 0.506821 -0.0970223 0.516024
134.056 35.1322 -0.00899705 0.497534 -0.0957317 0.506661
133.922 35.2084 0.0107556 0.513011 -0.0978675 0.522263
133.917 35.2159 0.00880831 0.513568 -0.097935 0.522823
134.028 35.4497 -0.00246351 0.507506 -0.0971115 0.516713
133.861 35.2528 0.0123917 0.520172 -0.0988324 0.529478
133.885 35.1322 0.00652012 0.514702 -0.0980802 0.523963
134.052 35.2969 -0.00127806 0.502108 -0.0963888 0.511276
133.836 35.1956 0.00244993 0.521341 -0.0989841 0.530655
133.911 35.2344 0.00458639 0.514669 -0.0980913 0.523934
133.989 35.21 0.0114019 0.506278 -0.0969479 0.515477
133.919 35.1972 0.00527631 0.51289 -0.0978435 0.52214
134.009 35.1412 -0.000899652 0.502427 -0.0964041 0.511592
133.768 35.2547 -0.00365511 0.529138 -0.100003 0.538505
133.8 35.2263 0.00952379 0.525576 -0.0995469 0.53492
133.885 35.1725 0.00585865 0.515728 -0.0982244 0.524999
134.081 35.5247 0.0141271 0.503822 -0.0966076 0.513001
133.863 35.2306 0.0180152 0.519404 -0.098726 0.528704
133.89 35.1584 0.00764653 0.514967 -0.0981242 0.524232
133.834 35.1128 -0.00296985 0.519401 -0.0987142 0.528698
133.932 35.2772 -0.000851198 0.513533 -0.0979347 0.522788
133.707 35.1722 -0.0166986 0.533272 -0.100541 0.542667
133.895 35.1662 0.0077859 0.514535 -0.0980596 0.523795
133.894 35.2587 0.00423823 0.516993 -0.0984072 0.526275
133.783 35.1441 -0.0136729 0.525296 -0.099502 0.534637
133.796 35.235 0.00530719 0.526262 -0.09964 0.535612
133.869 35.1313 0.00267522 0.516296 -0.0982955 0.52557
133.84 35.2756 0.0185857 0.522767 -0.0991789 0.532092
133.828 35.1616 0.00282909 0.521223 -0.098962 0.530535
134.037 35.135 -0.00538893 0.499591 -0.0960204 0.508735
134.061 35.3978 -0.0201018 0.503329 -0.0965499 0.512505
133.815 35.2041 0.0151885 0.523754 -0.0993135 0.533087
133.852 35.1591 0.00284089 0.51868 -0.0986205 0.527973
133.763 35.1762 -0.0110503 0.527961 -0.0998518 0.53732
134.054 35.3597 0.0111787 0.503423 -0.0965754 0.512603
134.027 35.2434 -0.00334918 0.503166 -0.0965209 0.51234
133.692 35.2444 -0.0108876 0.536264 -0.100923 0.545678
133.982 35.1962 0.0120783 0.506623 -0.0969916 0.515824
134.057 35.2828 -0.00971502 0.501173 -0.0962544 0.510332
134.064 35.2466 -0.00683098 0.49954 -0.096023 0.508686
133.8 35.1581 -0.00443646 0.52386 -0.0993117 0.533191
133.765 35.235 0.00805898 0.529185 -0.100018 0.538554
133.793 35.2506 0.00208889 0.526737 -0.0996941 0.536088
133.917 35.1938 0.00646137 0.513008 -0.0978584 0.522258
133.97 35.2341 0.0091112 0.50882 -0.0973007 0.51804
134.015 35.1384 -0.000906623 0.501806 -0.0963231 0.510967
133.768 35.1412 -0.00574936 0.526789 -0.099703 0.536141
133.982 35.5106 0.0235619 0.51354 -0.0979288 0.522793
133.986 35.2453 0.00728693 0.507483 -0.0971195 0.516693
133.951 35.2028 0.0199395 0.510155 -0.0974894 0.519386
133.712 35.2281 -0.00413436 0.533919 -0.100619 0.543317
133.868 35.2556 0.0102282 0.519476 -0.0987376 0.528776
134.093 35.4203 -0.0106093 0.50038 -0.0961342 0.509531
134.055 35.2912 -0.0074503 0.501666 -0.0963265 0.510831
133.802 35.1159 -0.0117394 0.522681 -0.0991529 0.532002
133.745 35.0956 -0.0171295 0.527768 -0.0998178 0.537124
134.009 35.3766 -0.0222193 0.508169 -0.0972175 0.517385
134.023 35.4503 -0.0028322 0.508227 -0.0972152 0.517442
133.688 35.1734 -0.0100213 0.535092 -0.100773 0.544498
133.99 35.1097 0.00351977 0.503585 -0.0965608 0.512759
133.871 35.2456 0.00605773 0.518921 -0.0986625 0.528217
134.074 35.1147 -0.00665424 0.495082 -0.0953763 0.504186
133.703 35.5047 0.0176917 0.540454 -0.101433 0.549891
133.957 35.2216 0.0166262 0.509918 -0.0974511 0.519146
133.697 35.1291 -0.0209781 0.533264 -0.100541 0.542659
133.682 35.1106 -0.0153428 0.53429 -0.10067 0.543691
133.999 35.2553 0.00184467 0.506555 -0.0970014 0.515758
133.95 35.2731 0.0035061 0.511836 -0.0977191 0.521081
133.941 35.2541 0.0132838 0.512056 -0.0977343 0.5213
134.017 35.4612 0.00422212 0.50888 -0.0972974 0.518098
133.825 35.2072 0.00283318 0.522971 -0.099215 0.532299
134.021 35.495 0.0111633 0.509367 -0.0973677 0.518589
133.773 35.2316 0.00648756 0.528334 -0.0999101 0.537698
134.077 35.5094 0.00444277 0.503961 -0.096626 0.513141
133.782 35.2563 0.00105451 0.527902 -0.0998446 0.537261
134.017 35.2925 0.00142043 0.505536 -0.0968606 0.514731
133.958 35.1266 0.00958445 0.507214 -0.0970614 0.516418
134.076 35.1562 -0.00783246 0.495914 -0.0954986 0.505026
133.8 35.1278 -0.0146546 0.52312 -0.0992062 0.532443
133.755 35.0837 -0.00916595 0.526499 -0.0996492 0.535846
133.856 35.2075 0.0167181 0.519727 -0.0987765 0.52903
134.058 35.2425 -0.00652071 0.499954 -0.0960746 0.509102
133.822 35.2209 0.00146351 0.523449 -0.0992734 0.53278
133.912 35.2178 0.00610938 0.5141 -0.0980067 0.523358
133.947 35.2519 0.00692869 0.511469 -0.0976578 0.520709
133.896 35.1597 0.00852611 0.514187 -0.0980115 0.523445
133.979 35.5106 0.0244118 0.513848 -0.0979705 0.523104
134.038 35.3897 -0.0110912 0.505504 -0.0968518 0.514699
134.084 35.4803 0.00369471 0.502647 -0.0964468 0.511816
133.99 35.2169 0.0133291 0.506284 -0.0969474 0.515483
133.808 35.1719 0.0118538 0.523381 -0.0992475 0.532708
134.04 35.4759 0.00919072 0.506941 -0.0970334 0.516144
133.73 35.2159 -0.0179021 0.531894 -0.10036 0.541279
133.707 35.2203 0.00127399 0.53418 -0.100654 0.54358
133.874 35.255 0.00843344 0.518927 -0.0986666 0.528223
134.034 35.4744 0.00938282 0.507525 -0.0971155 0.516733
133.733 35.2672 -0.0158156 0.532775 -0.100474 0.542167
133.885 35.2772 0.00846934 0.518383 -0.0985971 0.527676
133.93 35.2362 0.00319703 0.512682 -0.0978156 0.52193
133.707 35.1775 -0.0198275 0.53333 -0.100545 0.542725
134.028 35.2912 -0.00416787 0.50442 -0.0967065 0.513606
133.913 35.2075 0.00501286 0.513721 -0.0979555 0.522977
133.923 35.16 0.00433777 0.511689 -0.0976829 0.520929
133.684 35.1541 -0.0104687 0.535323 -0.100818 0.544734
133.738 35.1247 -0.0192183 0.529353 -0.100036 0.538722
133.977 35.105 0.00408878 0.504758 -0.0967225 0.513942
133.963 35.26 0.00941748 0.510122 -0.0974816 0.519353
133.83 35.1641 0.00421676 0.521073 -0.0989414 0.530384
134.076 35.1903 -0.00629211 0.496769 -0.095622 0.505888
133.777 35.1409 -0.013154 0.525821 -0.0995738 0.535166
133.832 35.2306 0.00568573 0.522365 -0.0991175 0.531685
