133.933 35.3575 0.0180277 -0.576413 0.158436 0.597791
133.764 35.4059 -0.0443537 -0.561106 0.153126 0.581625
133.724 35.3953 -0.0312651 -0.558169 0.152075 0.578514
133.742 35.4928 -0.028699 -0.556826 0.151793 0.577145
133.725 35.5 -0.0324209 -0.555176 0.151231 0.575405
133.868 35.4862 0.0131472 -0.567299 0.155467 0.588216
133.957 35.2981 0.00414216 -0.580025 0.159607 0.601584
133.792 35.4384 -0.0837398 -0.562481 0.153673 0.583095
133.729 35.3056 -0.000623558 -0.561342 0.153002 0.58182
133.99 35.3103 0.0118301 -0.582291 0.160441 0.60399
133.899 35.4906 0.00535427 -0.569715 0.156332 0.590775
133.817 35.4459 -0.0609954 -0.564345 0.154342 0.585069
133.963 35.3197 0.0118085 -0.579874 0.159592 0.601435
133.834 35.4159 -0.0708716 -0.566602 0.155079 0.587441
133.751 35.3566 0.0109171 -0.561511 0.153171 0.582027
133.736 35.3425 0.00356529 -0.560713 0.152862 0.581176
133.727 35.4859 -0.0285643 -0.555726 0.151395 0.575979
133.762 35.3147 0.002592 -0.563857 0.153898 0.584483
133.855 35.3931 -0.0185067 -0.568876 0.155842 0.589836
133.821 35.4394 -0.0754002 -0.564898 0.154524 0.585652
133.807 35.3912 -0.0271726 -0.565064 0.154489 0.585802
133.821 35.4975 0.0021958 -0.563192 0.154037 0.583877
133.988 35.3403 0.0206235 -0.581482 0.160198 0.603146
133.943 35.3594 0.0123581 -0.57719 0.158712 0.598614
133.91 35.4569 0.00908924 -0.571531 0.156912 0.592679
133.926 35.3616 0.0229842 -0.575708 0.158194 0.597047
133.802 35.2837 0.00400579 -0.567989 0.155295 0.588836
133.92 35.4547 0.00818209 -0.572381 0.157209 0.593578
133.841 35.3772 -0.00105437 -0.568403 0.155632 0.589324
133.969 35.4397 0.00828039 -0.576846 0.158767 0.598296
133.699 35.4637 -0.0338009 -0.554076 0.150777 0.574225
133.728 35.4244 -0.050961 -0.55765 0.151949 0.577981
133.721 35.4119 -0.0467635 -0.557458 0.151857 0.577771
133.775 35.4881 -0.0313743 -0.559665 0.152779 0.580144
133.692 35.4681 -0.0302992 -0.553398 0.150549 0.57351
133.921 35.4503 0.00656313 -0.572649 0.157295 0.593859
133.996 35.4459 0.020235 -0.578829 0.159489 0.6004
133.93 35.4928 0.00325481 -0.57217 0.15721 0.593375
133.882 35.4316 0.00705262 -0.570145 0.156358 0.591196
133.88 35.3659 0.00611416 -0.571746 0.156802 0.592858
133.857 35.3287 0.0019566 -0.571053 0.156473 0.592103
133.9 35.4688 0.00722841 -0.570416 0.15654 0.591506
133.911 35.4491 0.00279964 -0.57187 0.157016 0.593034
133.746 35.4384 -0.0672771 -0.55872 0.152351 0.579119
133.99 35.3891 0.0158804 -0.58026 0.159863 0.601879
133.818 35.3566 0.0161037 -0.567228 0.155166 0.588068
133.944 35.2906 0.00636881 -0.57915 0.15928 0.600654
133.876 35.2944 -0.00458637 -0.573882 0.157386 0.595072
133.898 35.3956 0.0237418 -0.57248 0.157115 0.593649
133.892 35.4569 0.00323559 -0.570109 0.156406 0.591174
133.762 35.4216 -0.0671853 -0.560518 0.152951 0.581011
133.695 35.4097 -0.0393508 -0.555383 0.151126 0.575577
133.937 35.2981 0.00335386 -0.578456 0.159042 0.599921
133.939 35.3419 0.0125426 -0.577351 0.158731 0.598774
133.836 35.4087 -0.0743706 -0.567082 0.155229 0.587944
133.748 35.4347 -0.0663118 -0.559048 0.152459 0.579464
133.874 35.3828 0.0102684 -0.57085 0.156515 0.591918
133.966 35.37 0.0207931 -0.578549 0.159233 0.600062
133.714 35.2941 0.00817434 -0.560444 0.152668 0.580866
133.963 35.3937 0.0163067 -0.577857 0.159021 0.599338
133.968 35.3466 0.020367 -0.579743 0.159588 0.601307
133.702 35.4719 -0.0301148 -0.554142 0.150816 0.574299
133.951 35.3084 0.00439858 -0.579298 0.159363 0.600819
133.899 35.3234 0.000729142 -0.57467 0.157742 0.595926
133.847 35.3675 0.0241055 -0.569055 0.155853 0.590012
133.854 35.2997 0.00378824 -0.57194 0.15671 0.59302
133.787 35.3241 0.0052685 -0.565583 0.154524 0.586312
133.967 35.3203 0.00868126 -0.580256 0.159729 0.601839
133.928 35.4747 0.00505799 -0.572507 0.157295 0.593722
133.986 35.3578 0.0188701 -0.580653 0.159949 0.60228
133.791 35.3762 -0.010137 -0.564327 0.154195 0.585014
133.929 35.2831 0.00754783 -0.578097 0.158892 0.599535
133.812 35.3991 -0.0535351 -0.565332 0.154599 0.58609
133.932 35.4044 0.0303965 -0.574861 0.157988 0.596176
133.967 35.3075 0.00769595 -0.580595 0.159825 0.602192
133.957 35.3116 0.00584488 -0.579628 0.159487 0.60117
133.688 35.3019 0.00747766 -0.558032 0.151837 0.57832
133.691 35.4931 -0.0220994 -0.552516 0.150291 0.572592
133.907 35.2919 -0.0075468 -0.576287 0.158246 0.59762
133.725 35.3225 -0.00756748 -0.560539 0.152754 0.58098
133.776 35.3516 0.00816729 -0.563822 0.153966 0.584467
133.904 35.4291 0.0128189 -0.572012 0.157011 0.59317
133.924 35.4556 0.00621121 -0.572728 0.157334 0.593945
133.729 35.285 0.00369776 -0.561905 0.153158 0.582405
133.694 35.3653 -0.0156905 -0.556556 0.151453 0.576795
133.714 35.3038 0.0126905 -0.56018 0.152592 0.580591
133.804 35.4828 -0.0219827 -0.562175 0.153651 0.582795
133.902 35.4559 0.00458481 -0.570889 0.156681 0.591999
133.939 35.4844 0.00283986 -0.573129 0.157533 0.594385
133.827 35.3675 0.0164707 -0.567557 0.15531 0.588423
133.981 35.3034 0.00362876 -0.581842 0.160263 0.60351
133.868 35.3712 0.00173977 -0.570708 0.156439 0.591761
133.682 35.3344 -0.0118481 -0.556646 0.151411 0.576871
133.984 35.3609 0.0184938 -0.580453 0.159886 0.602071
133.731 35.3941 -0.0407259 -0.558784 0.152288 0.579164
133.917 35.4962 0.00620581 -0.571074 0.156823 0.592216
133.741 35.4644 -0.0488563 -0.557513 0.151979 0.577857
133.865 35.2994 -0.002241 -0.572746 0.156999 0.593874
133.937 35.47 0.00504288 -0.573345 0.157581 0.594606
133.944 35.3391 0.0101275 -0.577926 0.158929 0.599381
133.867 35.4944 0.0174816 -0.567041 0.155391 0.587947
133.998 35.3428 0.0221986 -0.582174 0.160458 0.603882
133.832 35.4769 0.00196319 -0.564708 0.154532 0.58547
133.827 35.3184 0.018879 -0.56881 0.155666 0.589726
133.985 35.3034 0.00342586 -0.582081 0.160351 0.603764
133.86 35.49 0.0141622 -0.56654 0.155205 0.587414
133.795 35.4647 -0.0534617 -0.562028 0.153561 0.582629
133.945 35.4869 0.00337158 -0.573607 0.157705 0.594892
133.832 35.4297 -0.0540364 -0.566003 0.154898 0.586816
133.957 35.3766 0.025328 -0.577695 0.158938 0.59916
133.839 35.3025 0.00433404 -0.570433 0.156197 0.591432
133.861 35.2872 0.00121258 -0.572875 0.15701 0.594001
133.945 35.41 0.0186729 -0.575769 0.158323 0.59714
133.968 35.4253 0.00926932 -0.577357 0.158902 0.598825
133.79 35.4653 -0.0525341 -0.561617 0.153418 0.582195
133.772 35.3128 0.000350294 -0.564735 0.1542 0.585408
133.943 35.29 0.00680195 -0.57907 0.15925 0.600569
133.932 35.3156 0.00509157 -0.577621 0.158773 0.599045
133.885 35.4519 0.00401774 -0.569695 0.156248 0.590734
133.985 35.3572 0.0182687 -0.580637 0.159941 0.602263
133.716 35.4531 -0.0453939 -0.555827 0.151366 0.576069
133.813 35.3559 0.0163157 -0.566762 0.155007 0.587577
133.964 35.4919 0.00918282 -0.574987 0.158209 0.596356
133.947 35.3853 0.00989517 -0.576798 0.158627 0.598213
133.927 35.3397 0.0113153 -0.576541 0.158435 0.597914
133.979 35.3175 0.0125275 -0.581315 0.160098 0.602958
133.908 35.4825 0.00601272 -0.570684 0.156659 0.591796
133.995 35.3606 0.0176944 -0.581361 0.160207 0.603032
133.923 35.3206 0.00162831 -0.576668 0.158445 0.598039
133.855 35.46 0.0136273 -0.567012 0.155312 0.587898
133.809 35.4359 -0.0866734 -0.563928 0.154178 0.584624
133.884 35.3369 -0.00143666 -0.573172 0.157232 0.594347
133.752 35.3231 0.00359609 -0.562668 0.153506 0.583232
133.698 35.3966 -0.0336455 -0.556068 0.151338 0.576294
133.92 35.4556 0.00576227 -0.572337 0.157195 0.593531
133.722 35.4084 -0.0474708 -0.557665 0.151922 0.577988
133.741 35.3316 0.00458954 -0.561443 0.153094 0.581942
133.85 35.3766 0.009999 -0.568935 0.155831 0.58989
133.684 35.3078 -0.0134666 -0.557697 0.151724 0.577967
133.927 35.3663 0.0234197 -0.575669 0.158188 0.597007
133.793 35.4459 -0.079992 -0.562418 0.153663 0.583032
133.896 35.4513 -0.000265724 -0.570718 0.156603 0.591814
133.945 35.3813 0.0371469 -0.576561 0.158544 0.597962
133.92 35.4738 0.00400177 -0.571869 0.157065 0.593046
133.962 35.3287 0.014067 -0.579636 0.159522 0.601187
133.813 35.3381 0.0171408 -0.567398 0.155188 0.588238
133.744 35.2975 0.00652359 -0.562847 0.153512 0.583406
133.896 35.4406 0.00534959 -0.570958 0.156668 0.592063
133.758 35.4459 -0.066554 -0.559498 0.152639 0.579945
133.739 35.425 -0.0651428 -0.558585 0.152278 0.57897
133.904 35.4747 0.00459818 -0.57055 0.156599 0.591651
133.859 35.4138 0.017307 -0.568728 0.155827 0.58969
133.918 35.35 0.0207824 -0.575343 0.158042 0.596655
133.855 35.3553 0.018801 -0.570058 0.156181 0.591066
133.697 35.3663 -0.0116906 -0.556852 0.151556 0.577107
133.905 35.4634 0.00771888 -0.570924 0.15671 0.592041
133.892 35.3531 0.0104336 -0.573186 0.157282 0.594373
133.804 35.2859 0.00396712 -0.568053 0.155324 0.588905
133.81 35.4663 -0.0349586 -0.56319 0.153976 0.58386
133.826 35.4556 -0.0197985 -0.564796 0.154522 0.585552
133.719 35.3959 -0.0340795 -0.557786 0.15194 0.57811
133.951 35.3856 0.00534016 -0.577183 0.15876 0.598619
133.819 35.2903 0.010925 -0.569097 0.155702 0.590012
133.794 35.3937 -0.0324249 -0.563933 0.154095 0.584607
133.882 35.4825 0.0117866 -0.568517 0.155892 0.589503
133.938 35.3256 0.00824393 -0.577831 0.158867 0.599273
133.791 35.4084 -0.0614328 -0.563273 0.153894 0.583918
133.829 35.4797 -0.00205398 -0.564377 0.154421 0.585121
133.93 35.3628 0.02013 -0.576017 0.158305 0.597374
133.701 35.4566 -0.0370644 -0.554482 0.150905 0.57465
133.973 35.4866 -0.00127287 -0.575729 0.158469 0.59714
133.962 35.4025 0.02105 -0.57735 0.158868 0.598809
133.907 35.3694 0.0277796 -0.573939 0.157584 0.59518
133.72 35.3419 -0.00756612 -0.559511 0.152434 0.579904
133.878 35.3075 0.00232592 -0.573572 0.157314 0.594754
133.972 35.3891 0.014618 -0.578657 0.159299 0.600184
133.812 35.3841 -0.0154679 -0.565785 0.154726 0.58656
133.838 35.3122 0.00856934 -0.570062 0.156088 0.591045
133.796 35.4509 -0.0708477 -0.562444 0.153683 0.583063
133.869 35.4256 0.0178017 -0.569129 0.155995 0.590121
133.773 35.3528 0.00623439 -0.563525 0.153862 0.584152
133.864 35.4941 0.0173382 -0.566826 0.155314 0.587719
133.701 35.4656 -0.0328535 -0.554208 0.150827 0.574365
133.953 35.4072 0.00850385 -0.576596 0.158603 0.598011
133.75 35.395 -0.0355489 -0.560307 0.152824 0.580775
133.803 35.3025 0.00513167 -0.567491 0.155158 0.58832
133.801 35.4416 -0.0796045 -0.563118 0.153903 0.58377
133.946 35.365 0.02118 -0.577183 0.15873 0.598611
133.856 35.3472 0.015526 -0.570445 0.156295 0.591469
133.856 35.4609 0.0134795 -0.567057 0.155332 0.587947
133.9 35.3731 0.0258828 -0.573209 0.157336 0.59441
133.898 35.3059 0.00208533 -0.575308 0.15792 0.596589
133.874 35.4306 0.0158404 -0.569438 0.15611 0.590449
133.801 35.3709 0.00711563 -0.565217 0.1545 0.585953
133.843 35.3159 0.00934778 -0.570272 0.156175 0.591271
133.714 35.3381 -0.0135029 -0.55913 0.15229 0.579499
133.915 35.4931 0.00554858 -0.570917 0.156764 0.592048
133.947 35.3428 0.0144676 -0.578104 0.158999 0.59957
133.743 35.3188 0.00336443 -0.562225 0.153331 0.582759
133.741 35.3616 0.000767513 -0.560601 0.15286 0.581068
133.88 35.2975 0.00012585 -0.574108 0.157474 0.595314
133.74 35.4884 -0.0290089 -0.556771 0.151766 0.577085
133.99 35.4669 0.00687638 -0.577718 0.159139 0.599235
133.915 35.3344 0.00529785 -0.575738 0.158138 0.597061
133.841 35.2888 0.00196774 -0.571032 0.156375 0.592056
133.943 35.4069 0.0250283 -0.5757 0.158289 0.597064
133.741 35.4553 -0.0511104 -0.557775 0.152054 0.578129
133.932 35.3931 0.0235743 -0.575339 0.158123 0.596672
133.86 35.2922 0.000235798 -0.57269 0.156954 0.593808
133.945 35.3553 0.0129418 -0.577404 0.158784 0.598839
133.975 35.3991 0.0148979 -0.578523 0.159279 0.600049
133.952 35.5 0.00298111 -0.57371 0.157771 0.595009
133.993 35.3106 0.0115227 -0.582545 0.160534 0.60426
133.895 35.4847 0.0105855 -0.569592 0.156276 0.590641
133.891 35.4628 0.00389126 -0.569857 0.156329 0.590911
133.92 35.5 0.00493327 -0.571181 0.15687 0.592331
133.764 35.4941 -0.0312048 -0.558568 0.152405 0.578986
133.769 35.4322 -0.0681993 -0.560808 0.153071 0.581323
133.711 35.4109 -0.0407075 -0.556662 0.151576 0.57693
133.911 35.4588 0.00714461 -0.571509 0.156908 0.592657
133.954 35.3234 0.0103522 -0.579094 0.159317 0.600609
133.815 35.3712 0.00218405 -0.566429 0.154922 0.587233
133.983 35.3228 0.0220275 -0.581422 0.160151 0.603076
133.752 35.3969 -0.0345507 -0.560437 0.152872 0.580913
133.921 35.4312 0.00513497 -0.57326 0.157471 0.594495
133.914 35.3578 0.0216678 -0.574775 0.157857 0.596058
133.997 35.4659 0.0142671 -0.578391 0.159369 0.599945
133.827 35.4588 -0.020607 -0.564726 0.154504 0.58548
133.822 35.4887 -0.00261502 -0.563532 0.15414 0.584232
133.838 35.34 0.0239002 -0.569129 0.155823 0.590075
133.745 35.4972 -0.0308026 -0.556921 0.151835 0.577247
133.934 35.3525 0.0186972 -0.576588 0.158488 0.597973
133.844 35.3537 0.029748 -0.569166 0.155866 0.590122
133.683 35.4203 -0.0394935 -0.554089 0.150694 0.574216
133.747 35.4597 -0.053311 -0.558177 0.152203 0.578556
133.993 35.3894 0.0133699 -0.580421 0.159927 0.602051
133.745 35.4709 -0.0430199 -0.557675 0.152049 0.578031
133.732 35.4453 -0.0528007 -0.557342 0.151881 0.577666
133.771 35.425 -0.0682138 -0.561147 0.153178 0.581679
133.705 35.3419 -0.0122495 -0.55829 0.152006 0.578613
133.788 35.4178 -0.0745352 -0.56278 0.153739 0.583401
133.688 35.3884 -0.0311727 -0.55551 0.151126 0.5757
133.891 35.3241 -0.00492746 -0.574033 0.157516 0.595252
133.97 35.4956 -0.00180103 -0.575308 0.158332 0.596697
133.828 35.3472 0.0126057 -0.568243 0.155511 0.589138
133.978 35.4759 0.00639508 -0.576361 0.158676 0.597805
133.725 35.4659 -0.0415094 -0.556163 0.151509 0.57643
133.941 35.48 0.00888779 -0.573567 0.157672 0.594844
133.84 35.3066 0.00529716 -0.570363 0.15618 0.59136
133.946 35.4609 0.00846331 -0.574481 0.157956 0.595801
133.955 35.285 0.00286851 -0.580233 0.159654 0.601797
133.755 35.3375 0.009815 -0.562456 0.15346 0.583015
133.934 35.34 0.0147236 -0.577156 0.158653 0.598565
133.861 35.3747 0.0125987 -0.570092 0.156227 0.591111
133.749 35.3031 0.00673678 -0.563117 0.153615 0.583694
133.971 35.3034 0.00311588 -0.581045 0.159977 0.602666
133.735 35.4409 -0.0588132 -0.557762 0.15202 0.578107
133.818 35.2894 0.00985106 -0.569109 0.155703 0.590024
133.902 35.3647 0.0213662 -0.57362 0.157459 0.594839
133.868 35.345 -0.00182418 -0.571609 0.156693 0.592696
133.94 35.3922 0.0203077 -0.576044 0.158369 0.597417
133.995 35.3237 -0.0242796 -0.582465 0.160523 0.60418
133.734 35.3575 -0.00541978 -0.560131 0.152686 0.580568
133.793 35.3097 0.0143151 -0.566349 0.154776 0.587117
133.704 35.3566 -0.00883634 -0.557703 0.151835 0.578002
133.851 35.4169 0.00873083 -0.567907 0.155545 0.588823
133.718 35.3375 -0.0124245 -0.559491 0.152413 0.579879
133.686 35.2828 0.00939302 -0.558432 0.151943 0.578734
133.729 35.4862 -0.0293365 -0.555941 0.151471 0.576207
133.84 35.4547 0.00193107 -0.565962 0.154932 0.586785
133.995 35.4184 0.0133864 -0.579632 0.159709 0.601232
133.945 35.4312 0.00662403 -0.575353 0.158201 0.596707
133.902 35.3103 0.00209246 -0.575332 0.15795 0.59662
133.862 35.28 0.00038444 -0.573097 0.157081 0.594235
133.73 35.3156 -0.00816872 -0.561221 0.152974 0.581695
133.704 35.3759 -0.0305722 -0.557045 0.151643 0.577317
133.782 35.355 0.00842159 -0.564207 0.154107 0.584874
133.813 35.3916 -0.0287265 -0.565618 0.154683 0.586388
133.711 35.3172 -0.0223015 -0.559635 0.152419 0.58002
133.845 35.4219 -0.0126672 -0.56726 0.155326 0.588141
133.692 35.2853 0.00917452 -0.558817 0.152082 0.579142
133.681 35.495 -0.0216343 -0.55168 0.150004 0.57171
133.939 35.4719 0.00626423 -0.573511 0.157641 0.594782
133.766 35.3113 0.00237847 -0.564306 0.154048 0.584954
133.728 35.4641 -0.0437095 -0.556474 0.151614 0.576758
133.809 35.43 -0.089555 -0.564079 0.15422 0.584781
133.837 35.3325 0.0231305 -0.569208 0.155836 0.590155
133.937 35.4931 0.00413146 -0.572733 0.157408 0.59397
133.75 35.3994 -0.0378187 -0.560199 0.152793 0.580662
133.732 35.3672 -0.00123383 -0.55969 0.152553 0.580108
133.737 35.3722 -0.00893574 -0.559903 0.152636 0.580335
133.743 35.3959 -0.0343278 -0.55969 0.15261 0.580123
133.908 35.3641 0.0262655 -0.574133 0.157641 0.595382
133.829 35.4722 -0.000510112 -0.564569 0.154474 0.58532
133.795 35.4481 -0.0741313 -0.562507 0.153699 0.583127
133.929 35.2909 0.00623731 -0.577916 0.15884 0.599347
133.699 35.3113 -0.00423295 -0.558795 0.152115 0.57913
133.892 35.315 -0.000782972 -0.574287 0.157593 0.595517
133.882 35.2894 -0.00350397 -0.574445 0.157578 0.595666
133.832 35.3753 0.00333835 -0.56774 0.155389 0.588621
133.958 35.4534 -0.0019732 -0.575617 0.158351 0.597
133.808 35.3753 -0.00199543 -0.565715 0.154681 0.586481
133.813 35.4097 -0.0730628 -0.565038 0.154517 0.585785
133.83 35.48 -0.00121189 -0.56445 0.154447 0.585199
133.959 35.4903 0.0193972 -0.574662 0.158085 0.59601
133.938 35.4441 0.00321386 -0.574261 0.157851 0.59556
133.809 35.4922 -0.0189375 -0.562368 0.153736 0.583003
133.923 35.4363 0.00140425 -0.573259 0.157479 0.594496
133.915 35.3234 0.00418655 -0.576065 0.158233 0.597402
133.77 35.3266 0.00496743 -0.564074 0.154002 0.584718
133.897 35.4266 0.0103451 -0.571495 0.156829 0.592623
133.996 35.4569 0.012525 -0.578481 0.159392 0.600038
133.866 35.4862 0.0134376 -0.567192 0.155429 0.588102
133.714 35.4438 -0.0450557 -0.555908 0.151377 0.57615
133.771 35.3012 0.00539918 -0.564983 0.154269 0.585666
133.711 35.295 0.0111237 -0.560166 0.152572 0.580572
133.681 35.2834 0.00633588 -0.557991 0.151789 0.578268
133.776 35.3444 0.0115994 -0.563991 0.154011 0.584642
133.972 35.4406 0.011767 -0.577103 0.158857 0.598568
133.977 35.3769 0.0194476 -0.579407 0.159545 0.600972
133.971 35.4975 -0.000494676 -0.575374 0.158359 0.596769
133.93 35.4781 0.00411277 -0.572541 0.157312 0.59376
133.743 35.3006 0.00758421 -0.562624 0.153441 0.583173
133.754 35.4462 -0.0685685 -0.559132 0.15251 0.579559
133.938 35.425 0.0103275 -0.574839 0.158012 0.596161
133.952 35.3719 0.0257962 -0.577418 0.158835 0.598866
133.929 35.4828 0.00605218 -0.572289 0.157233 0.593495
133.754 35.3469 0.00746171 -0.562037 0.153336 0.582579
133.904 35.4022 0.0158091 -0.572778 0.157236 0.593968
133.843 35.455 0.00324615 -0.566148 0.154999 0.586983
133.832 35.3406 0.0183849 -0.568652 0.155651 0.589569
133.963 35.4822 0.0155439 -0.575227 0.15827 0.596603
133.976 35.2844 0.0079906 -0.582012 0.160281 0.603679
133.687 35.3709 -0.0275436 -0.555897 0.151228 0.5761
133.728 35.3716 -0.0136573 -0.559203 0.152389 0.579595
133.841 35.3447 0.0299381 -0.569198 0.155859 0.590151
133.969 35.4191 0.0131758 -0.57764 0.15899 0.599121
133.729 35.3687 -0.00740157 -0.559374 0.152446 0.579775
133.859 35.3378 0.00529374 -0.570993 0.156466 0.592042
133.898 35.4141 0.00946009 -0.571793 0.156917 0.592934
133.956 35.2847 0.00289149 -0.580277 0.159669 0.601844
133.753 35.4988 -0.032728 -0.557548 0.152057 0.577911
133.821 35.4528 -0.0397764 -0.564554 0.154424 0.585293
133.895 35.4281 0.00960355 -0.571258 0.156745 0.592372
133.792 35.3384 0.0105768 -0.565617 0.154564 0.586356
133.858 35.4341 0.0173155 -0.568007 0.155613 0.588938
133.98 35.3684 0.0210334 -0.579822 0.15968 0.601408
133.891 35.2937 -0.00316358 -0.57512 0.157826 0.596382
133.935 35.31 0.00242925 -0.577989 0.158896 0.599433
133.787 35.3775 -0.010011 -0.563911 0.154052 0.584575
133.894 35.4075 0.00968493 -0.571667 0.156861 0.592797
133.702 35.4491 -0.0402001 -0.554766 0.150988 0.574946
133.914 35.3469 0.0159618 -0.575193 0.157981 0.596494
133.81 35.3738 -0.00130371 -0.565919 0.154748 0.586696
133.94 35.4031 0.0188549 -0.575506 0.158217 0.596858
133.837 35.4031 -0.0715994 -0.567277 0.155288 0.588147
133.848 35.4141 0.00389808 -0.567843 0.155514 0.588753
133.932 35.4072 0.0215613 -0.574748 0.157956 0.596058
133.879 35.3572 0.00340887 -0.57198 0.156863 0.5931
133.746 35.4475 -0.0628535 -0.558509 0.152294 0.578901
133.831 35.4925 0.00385868 -0.564151 0.154366 0.584889
133.928 35.3369 0.0123772 -0.576798 0.158516 0.598184
133.96 35.4222 0.00792537 -0.576834 0.158711 0.59827
133.798 35.3113 0.0127163 -0.566684 0.154899 0.587473
133.864 35.3184 0.00301151 -0.571924 0.156764 0.59302
133.934 35.3278 0.00691738 -0.577433 0.158728 0.598852
133.916 35.3044 -0.000670976 -0.576706 0.158423 0.598069
133.761 35.3137 0.00523812 -0.563772 0.153866 0.584392
133.896 35.3047 0.00226933 -0.575103 0.157845 0.596371
133.767 35.4412 -0.071204 -0.560383 0.15294 0.580878
133.935 35.3041 0.00358592 -0.578162 0.158946 0.599612
133.856 35.4838 0.0117658 -0.56644 0.155158 0.587306
133.741 35.3772 -0.0169025 -0.560111 0.152719 0.580558
133.732 35.4675 -0.0410373 -0.556778 0.151727 0.577082
133.844 35.4822 0.00687487 -0.565462 0.154809 0.58627
133.982 35.3425 0.0195901 -0.580986 0.160024 0.602622
133.925 35.4809 0.00583145 -0.572084 0.157157 0.593278
133.804 35.4756 -0.0237179 -0.562364 0.153704 0.582991
133.884 35.4937 0.0134479 -0.568369 0.155861 0.589352
133.941 35.2888 0.00560278 -0.578951 0.159208 0.600443
133.996 35.3503 0.0263596 -0.58186 0.160354 0.603552
133.938 35.3269 0.00837411 -0.577853 0.158875 0.599296
133.734 35.4144 -0.0524973 -0.558419 0.1522 0.578789
133.834 35.4316 -0.0488953 -0.566072 0.154926 0.58689
133.716 35.4956 -0.0287217 -0.554589 0.151018 0.574782
133.852 35.4847 0.0091341 -0.566079 0.155032 0.586924
133.928 35.4528 0.00426056 -0.573159 0.157479 0.594399
133.924 35.4294 0.00676578 -0.573565 0.157573 0.594816
133.929 35.4397 0.00333552 -0.573635 0.157622 0.594896
133.778 35.4112 -0.0550731 -0.562113 0.15349 0.582692
133.76 35.4663 -0.0483238 -0.559047 0.152521 0.579479
133.832 35.4109 -0.0756406 -0.566683 0.155093 0.587523
133.929 35.4831 0.00579783 -0.572322 0.157246 0.593531
133.913 35.3459 0.0134924 -0.57509 0.157942 0.596384
133.782 35.3372 0.0123471 -0.564806 0.154279 0.585497
133.882 35.4847 0.0113543 -0.568527 0.1559 0.589515
133.987 35.4684 0.0091938 -0.577387 0.159026 0.598887
133.863 35.4944 0.0167198 -0.566725 0.155279 0.587612
133.993 35.4803 0.00747116 -0.577641 0.159135 0.59916
133.792 35.3178 0.0103159 -0.566133 0.154712 0.586892
133.983 35.3931 0.017593 -0.579577 0.159629 0.601157
133.704 35.4009 -0.0366296 -0.55639 0.151461 0.576637
133.87 35.3378 -0.00336904 -0.571942 0.156802 0.593047
133.842 35.4156 -0.0381912 -0.567318 0.15533 0.588198
133.992 35.3087 0.010182 -0.582523 0.160523 0.604236
133.994 35.365 0.0187385 -0.581082 0.160119 0.60274
133.918 35.3328 0.00507632 -0.57604 0.158242 0.59738
133.726 35.3091 -0.00176094 -0.560955 0.152873 0.581413
133.776 35.4756 -0.0422922 -0.560096 0.152906 0.580592
133.941 35.3316 0.0101059 -0.577979 0.158924 0.59943
133.792 35.2947 0.0094062 -0.566839 0.154912 0.587626
133.689 35.395 -0.0293788 -0.555385 0.151095 0.575571
133.85 35.4078 -0.0133206 -0.568242 0.155639 0.589171
133.782 35.2847 0.0010752 -0.566282 0.154696 0.587032
133.866 35.3687 0.00201756 -0.570629 0.156403 0.591675
133.759 35.4044 -0.0416915 -0.560756 0.153001 0.581255
133.88 35.49 0.0148324 -0.568155 0.155778 0.589124
133.963 35.3409 0.0222921 -0.579436 0.159469 0.60098
133.801 35.3553 0.0167071 -0.565772 0.154659 0.58653
133.83 35.3212 0.0208782 -0.568959 0.155727 0.589886
133.886 35.3588 0.00509416 -0.572472 0.157044 0.593622
133.868 35.4787 0.0109955 -0.567495 0.155522 0.58842
133.721 35.2831 0.00828865 -0.56142 0.152981 0.58189
133.823 35.3269 0.013074 -0.568355 0.155519 0.589248
133.775 35.3844 -0.0123943 -0.56269 0.153641 0.583289
133.805 35.3062 0.00420754 -0.567582 0.155194 0.588417
133.729 35.4472 -0.0512379 -0.557076 0.151792 0.577386
133.915 35.2884 -0.00419287 -0.576914 0.158475 0.598285
133.849 35.3116 0.00372048 -0.570984 0.15641 0.592019
133.994 35.3422 0.0253284 -0.581876 0.160344 0.603565
133.84 35.4175 -0.0418988 -0.567021 0.155231 0.587886
133.81 35.4838 -0.0186852 -0.562689 0.153834 0.583338
133.829 35.4712 -0.000731985 -0.56457 0.154473 0.585321
133.789 35.2969 0.00913372 -0.566532 0.154807 0.587302
133.835 35.3019 0.00776274 -0.570092 0.156078 0.591072
133.87 35.3103 0.000662292 -0.572589 0.156982 0.593718
133.966 35.3841 0.0035701 -0.578445 0.159206 0.599955
133.997 35.4416 0.0163132 -0.579167 0.159593 0.600753
133.948 35.4203 0.00705072 -0.575769 0.158341 0.597145
133.82 35.4316 -0.0846201 -0.564987 0.154543 0.585742
133.912 35.3534 0.0215154 -0.574702 0.157825 0.595979
133.762 35.4384 -0.0693306 -0.560049 0.152818 0.580524
133.717 35.4603 -0.0434611 -0.555706 0.151339 0.575945
133.791 35.4475 -0.0784365 -0.562213 0.153589 0.582814
133.892 35.4941 0.0100111 -0.569052 0.156101 0.590075
133.966 35.4913 -0.000568031 -0.575147 0.158262 0.596524
133.85 35.2931 0.000553262 -0.571695 0.156615 0.592759
133.998 35.4487 0.00395157 -0.579001 0.159554 0.600583
133.891 35.3537 0.0101541 -0.573072 0.157245 0.594253
133.816 35.3222 0.00498407 -0.567993 0.155373 0.58886
133.936 35.3697 0.0255147 -0.576278 0.158417 0.597656
133.693 35.3803 -0.0319786 -0.556139 0.151332 0.576361
133.92 35.4187 0.013466 -0.573426 0.157507 0.594664
133.849 35.3269 0.0116108 -0.570489 0.15627 0.591505
133.873 35.3206 -0.00799127 -0.572664 0.157024 0.593801
133.902 35.3603 0.0185092 -0.573725 0.157494 0.594949
133.955 35.385 0.00372453 -0.577435 0.158853 0.598887
133.706 35.4034 -0.0340622 -0.55645 0.151488 0.576703
133.876 35.4681 0.0125846 -0.568497 0.155856 0.589474
133.972 35.3362 0.0163056 -0.580269 0.159759 0.60186
133.905 35.4622 0.00640767 -0.570965 0.156722 0.592084
133.861 35.3912 0.0138128 -0.569407 0.156027 0.590397
133.829 35.3625 0.0197357 -0.567883 0.155412 0.588765
133.835 35.4375 -0.0454368 -0.565988 0.154908 0.586804
133.882 35.3194 -0.00733435 -0.573449 0.157301 0.594632
133.826 35.4337 -0.0743449 -0.565414 0.154698 0.586195
133.753 35.4125 -0.0610618 -0.560036 0.152762 0.580496
133.783 35.3503 0.00975242 -0.564489 0.154194 0.58517
133.998 35.3934 0.00599656 -0.580643 0.16002 0.602289
133.805 35.4838 -0.0211512 -0.562285 0.153691 0.582911
133.749 35.48 -0.0384957 -0.557749 0.152092 0.578114
133.825 35.2831 0.00653343 -0.569871 0.155956 0.590826
133.846 35.2831 -0.000498273 -0.571676 0.156591 0.592734
133.711 35.3597 -0.00336282 -0.558113 0.151986 0.578437
133.921 35.4684 0.00310027 -0.572119 0.15714 0.593307
133.996 35.4256 0.0183051 -0.579507 0.159679 0.601103
133.748 35.4672 -0.0465234 -0.558028 0.152165 0.578402
133.829 35.4897 0.00267474 -0.564081 0.154336 0.584813
133.747 35.4838 -0.0332429 -0.557482 0.152005 0.577834
133.898 35.3284 7.99513e-06 -0.574502 0.157694 0.595752
133.718 35.36 -0.00663643 -0.558706 0.152195 0.579064
133.857 35.3481 0.0137541 -0.570474 0.15631 0.591501
133.703 35.4806 -0.0275219 -0.553912 0.150752 0.57406
133.683 35.3987 -0.0307465 -0.554731 0.150875 0.574883
133.857 35.4612 0.0138953 -0.567104 0.155349 0.587997
133.909 35.2978 -0.00564051 -0.576319 0.158272 0.597657
133.697 35.4834 -0.0265192 -0.553326 0.150554 0.573443
133.82 35.4797 -0.0100175 -0.563647 0.154163 0.58435
133.76 35.4144 -0.0588958 -0.56058 0.152958 0.581073
133.681 35.4234 -0.0393813 -0.553867 0.150623 0.573982
133.915 35.3444 0.0133467 -0.575355 0.158031 0.596664
133.726 35.3184 -0.00718967 -0.560803 0.152832 0.581256
133.813 35.4619 -0.0315099 -0.563514 0.154082 0.5842
133.966 35.4591 0.00249863 -0.575976 0.158499 0.597387
133.965 35.4922 0.000327301 -0.575032 0.158227 0.596404
133.814 35.4069 -0.0678053 -0.565189 0.154564 0.585943
133.886 35.2963 -0.000942443 -0.574623 0.157651 0.595856
133.682 35.3769 -0.0304623 -0.555351 0.151048 0.575526
133.692 35.3419 -0.0170154 -0.557196 0.151622 0.577457
133.922 35.4925 0.00316082 -0.57156 0.156991 0.592728
133.756 35.37 0.00495422 -0.561516 0.1532 0.58204
133.922 35.2919 -0.00105766 -0.577405 0.158654 0.598805
133.821 35.3691 0.0141974 -0.566945 0.155102 0.587778
133.898 35.4094 0.0123548 -0.571893 0.156946 0.593038
134 35.3719 0.0225904 -0.581369 0.160236 0.603047
133.876 35.4194 0.0131588 -0.569942 0.156267 0.590977
133.689 35.3456 -0.0161771 -0.556814 0.151502 0.577057
133.74 35.4706 -0.0425747 -0.557276 0.151908 0.577609
133.774 35.4125 -0.0584154 -0.56178 0.153376 0.582341
133.776 35.4125 -0.0617982 -0.561955 0.153437 0.582525
133.834 35.4812 0.00145233 -0.564667 0.154526 0.585429
133.955 35.3394 0.0204161 -0.578919 0.159274 0.600429
133.692 35.2859 0.0106011 -0.558788 0.152073 0.579112
133.921 35.3672 0.0247278 -0.575133 0.157998 0.596441
133.71 35.3322 -0.016298 -0.5591 0.152261 0.579462
133.687 35.2991 0.000263768 -0.558047 0.151837 0.578335
133.756 35.3947 -0.0273776 -0.560816 0.153001 0.581312
133.949 35.435 0.00614783 -0.575472 0.158257 0.596836
133.97 35.3772 0.0205935 -0.578812 0.159332 0.600341
133.986 35.3341 0.0255907 -0.581403 0.160162 0.60306
133.702 35.4097 -0.0387521 -0.556026 0.151349 0.576256
133.981 35.4625 0.0130236 -0.577149 0.158922 0.598629
133.837 35.3644 0.0149484 -0.56842 0.155611 0.589336
133.979 35.3641 0.021378 -0.579933 0.159707 0.601522
133.718 35.4947 -0.030346 -0.554786 0.151085 0.574991
133.996 35.4419 0.012925 -0.579052 0.159553 0.600631
133.712 35.4784 -0.0314679 -0.554744 0.151039 0.574938
133.723 35.3809 -0.0292001 -0.558539 0.152175 0.578898
133.746 35.3406 0.0100891 -0.561575 0.153162 0.582087
133.925 35.3997 0.026481 -0.574415 0.15782 0.595701
133.686 35.2875 0.00856229 -0.558234 0.151882 0.578527
133.921 35.4809 0.00644918 -0.57174 0.157035 0.592914
133.943 35.3537 0.016283 -0.577357 0.158763 0.598787
133.997 35.2959 0.00960661 -0.583318 0.160776 0.605069
133.836 35.2859 0.00555774 -0.57078 0.156278 0.591787
133.988 35.4253 0.0181415 -0.578918 0.159467 0.60048
133.913 35.4909 0.00418366 -0.570851 0.156734 0.591976
133.751 35.2844 0.00893737 -0.563784 0.153817 0.58439
133.817 35.4128 -0.0773122 -0.565285 0.154611 0.586047
133.983 35.4934 0.00268639 -0.576303 0.158691 0.597753
133.845 35.3438 0.0266001 -0.569463 0.155951 0.590431
133.798 35.3003 0.00751963 -0.56717 0.15504 0.587979
133.944 35.4838 0.00704044 -0.573586 0.157692 0.594868
133.899 35.4578 0.00559198 -0.570644 0.156596 0.591741
133.982 35.4647 0.0116538 -0.577235 0.158955 0.598721
133.992 35.3591 0.0196014 -0.581161 0.16013 0.602818
133.808 35.3191 0.00799913 -0.567451 0.155173 0.588285
133.932 35.305 0.00232915 -0.577926 0.158861 0.599362
133.933 35.3844 0.0343508 -0.57555 0.158191 0.596894
133.712 35.4103 -0.0397149 -0.556747 0.151607 0.577019
133.977 35.4978 -0.00104126 -0.575817 0.158522 0.597239
133.842 35.3047 0.00338782 -0.570646 0.156274 0.591657
133.835 35.3625 0.0154816 -0.568283 0.155561 0.58919
133.975 35.4062 0.0187528 -0.578256 0.1592 0.599771
133.865 35.4884 0.016297 -0.567009 0.155369 0.58791
133.883 35.4847 0.0111343 -0.568589 0.155921 0.58958
133.686 35.4109 -0.0344516 -0.554558 0.150841 0.574706
133.878 35.4459 0.0104705 -0.569281 0.156088 0.590292
133.807 35.3516 0.0160558 -0.566462 0.154889 0.587256
133.937 35.3166 0.00862369 -0.577931 0.158889 0.599375
133.974 35.4228 0.0117919 -0.577967 0.159112 0.599468
133.931 35.3331 0.0125626 -0.577134 0.158626 0.598537
133.738 35.4475 -0.0547959 -0.557844 0.152062 0.578198
133.945 35.3572 0.01566 -0.577412 0.158791 0.598848
133.716 35.3687 -0.0201138 -0.558303 0.152069 0.578643
133.866 35.3469 0.00269181 -0.571378 0.156616 0.592454
133.718 35.2947 0.00854641 -0.560736 0.152771 0.581174
133.919 35.3266 0.00482345 -0.576337 0.158333 0.597691
133.968 35.2812 0.00412112 -0.581439 0.16007 0.60307
133.848 35.3016 0.00217717 -0.571343 0.156505 0.59239
133.929 35.3541 0.0198843 -0.576126 0.15833 0.597485
133.923 35.4609 0.00472195 -0.572499 0.157262 0.593706
133.879 35.3991 0.0188534 -0.570665 0.156489 0.591733
133.974 35.3069 0.00696113 -0.581191 0.160036 0.602822
133.854 35.3656 0.0294014 -0.569614 0.156047 0.590602
133.791 35.3181 0.0136899 -0.565996 0.154663 0.586747
133.741 35.3712 -0.00318198 -0.560233 0.152752 0.580684
133.878 35.3937 0.014934 -0.570775 0.156516 0.591846
133.852 35.38 0.00599003 -0.569029 0.15587 0.589991
133.892 35.3509 0.00911893 -0.573234 0.157293 0.594422
133.71 35.3684 -0.0223186 -0.557842 0.151906 0.578155
133.863 35.4269 0.0178104 -0.568567 0.155799 0.589527
133.756 35.4366 -0.0697961 -0.559619 0.152663 0.580069
133.87 35.3825 0.00819094 -0.570531 0.156398 0.591579
133.788 35.3869 -0.0164196 -0.563725 0.154007 0.584384
133.746 35.3131 -0.00108446 -0.562634 0.153463 0.583188
133.847 35.3734 0.017458 -0.568845 0.15579 0.589792
133.99 35.3731 0.0193023 -0.580505 0.159934 0.602133
133.786 35.4625 -0.05571 -0.561278 0.153295 0.581835
133.722 35.4816 -0.0311544 -0.555491 0.151305 0.575728
133.854 35.3584 0.0245004 -0.569903 0.156132 0.590904
133.786 35.3584 0.00895358 -0.564397 0.154182 0.585078
133.924 35.4481 0.00451113 -0.572968 0.1574 0.594194
133.686 35.4709 -0.0302777 -0.5528 0.150346 0.57288
133.932 35.4387 0.00389002 -0.573896 0.15771 0.595172
133.864 35.4059 0.0194943 -0.569286 0.156014 0.590277
133.956 35.4513 0.0139276 -0.575568 0.158325 0.596947
133.825 35.4453 -0.0529918 -0.565041 0.154584 0.585805
133.958 35.2822 0.004482 -0.580552 0.159758 0.602132
133.749 35.3209 -0.00092744 -0.562584 0.153465 0.58314
133.782 35.2937 0.0084246 -0.566057 0.154634 0.586799
133.773 35.3016 0.00422244 -0.565057 0.154296 0.585744
133.923 35.3597 0.0193972 -0.57555 0.158134 0.596878
133.774 35.4619 -0.0552404 -0.560314 0.152957 0.580816
133.731 35.4169 -0.0459697 -0.558122 0.152101 0.578477
133.85 35.4694 0.00985728 -0.566386 0.155111 0.587241
133.961 35.3431 0.0232948 -0.579296 0.159419 0.600832
133.954 35.3569 0.0153255 -0.578213 0.15907 0.599695
133.856 35.4828 0.0123789 -0.566477 0.155169 0.587345
133.836 35.4331 -0.0415727 -0.566178 0.154967 0.587002
133.781 35.4922 -0.0297947 -0.560069 0.152928 0.580573
133.767 35.4459 -0.068132 -0.560223 0.152893 0.580712
133.955 35.4503 0.00833665 -0.575524 0.158308 0.596899
133.685 35.4725 -0.029351 -0.552686 0.150309 0.57276
133.997 35.2872 0.00774759 -0.583508 0.160833 0.605268
133.924 35.4691 0.00601804 -0.572394 0.157237 0.593598
133.702 35.4472 -0.040769 -0.554862 0.151017 0.575046
133.967 35.2997 0.00563943 -0.580751 0.159867 0.602353
133.9 35.4172 0.00402423 -0.571973 0.156983 0.593124
133.846 35.4641 0.00884983 -0.56621 0.155038 0.587052
133.785 35.3612 0.00607275 -0.564241 0.154135 0.584914
133.982 35.4141 0.0113249 -0.578832 0.159411 0.600382
133.915 35.2816 -0.00206582 -0.577073 0.158519 0.598449
133.964 35.4881 0.00923795 -0.575084 0.158232 0.596455
133.963 35.2994 0.00611379 -0.580467 0.159766 0.602052
133.78 35.4166 -0.0673969 -0.562123 0.153505 0.582706
133.741 35.2903 0.0119173 -0.562707 0.153453 0.583255
133.81 35.3234 0.0107957 -0.567545 0.155213 0.588386
133.89 35.3447 0.00110389 -0.573366 0.157319 0.594556
133.701 35.3081 -0.00375789 -0.55895 0.152167 0.579292
133.825 35.4941 0.00207195 -0.563646 0.15419 0.584355
133.763 35.4334 -0.0678505 -0.560299 0.152895 0.580786
133.829 35.3387 0.0181145 -0.568477 0.155586 0.589383
133.823 35.4109 -0.0744522 -0.56581 0.154791 0.586601
133.943 35.36 0.0126297 -0.577146 0.158698 0.598568
133.911 35.4225 0.00280166 -0.572767 0.157267 0.593965
133.956 35.4166 0.00976873 -0.57653 0.158599 0.597947
133.897 35.4469 -0.000222216 -0.570841 0.15664 0.591942
133.68 35.4231 -0.03714 -0.553786 0.150594 0.573897
133.764 35.4619 -0.053274 -0.559535 0.152684 0.579993
133.995 35.4778 0.00729225 -0.577811 0.159192 0.599339
133.729 35.3559 -0.0102432 -0.559789 0.152561 0.580205
133.881 35.4222 0.0119036 -0.570242 0.156378 0.591295
133.848 35.4878 0.00769156 -0.565708 0.154907 0.586534
133.798 35.4597 -0.0544813 -0.56235 0.153667 0.582967
133.9 35.4059 0.0137338 -0.572167 0.157036 0.593326
133.866 35.3347 -0.0026625 -0.571675 0.156704 0.592763
133.789 35.3856 -0.0150376 -0.563806 0.154032 0.584468
133.721 35.4331 -0.0487009 -0.556821 0.151674 0.577109
133.768 35.3631 0.00626624 -0.562709 0.153603 0.583297
133.992 35.3134 0.018513 -0.582399 0.160485 0.604106
133.87 35.3397 -0.0035792 -0.57182 0.156765 0.59292
133.921 35.3003 0.00123315 -0.577171 0.158584 0.598561
133.686 35.4806 -0.0240763 -0.552482 0.150256 0.57255
133.776 35.3247 0.00372176 -0.564718 0.154219 0.585397
133.74 35.4462 -0.0569925 -0.557993 0.152112 0.578355
133.682 35.2953 0.0116668 -0.557782 0.151738 0.578053
133.765 35.3381 0.00705077 -0.563255 0.153743 0.583861
133.956 35.3994 0.0257803 -0.576937 0.158716 0.598371
133.811 35.4256 -0.0898081 -0.564453 0.154342 0.585174
133.839 35.3359 0.0259322 -0.569317 0.155882 0.590272
133.739 35.3572 -0.000634453 -0.560519 0.152822 0.580979
133.872 35.3125 0.00287266 -0.572811 0.157062 0.593954
133.784 35.4256 -0.0783738 -0.562162 0.153536 0.582752
133.825 35.4716 -0.00343385 -0.564313 0.15438 0.585049
133.783 35.4869 -0.0277762 -0.560398 0.153034 0.580918
133.784 35.4981 -0.0176131 -0.560165 0.152973 0.580677
133.833 35.4991 0.0110862 -0.564138 0.154374 0.584878
133.696 35.285 0.0100689 -0.559159 0.152201 0.579503
133.684 35.4787 -0.0258391 -0.552341 0.150203 0.5724
133.868 35.3925 0.0142541 -0.569968 0.156227 0.590991
133.711 35.2984 0.011857 -0.560026 0.152529 0.580426
133.905 35.4478 -0.000157269 -0.571518 0.156883 0.592659
133.857 35.2991 0.00279747 -0.572211 0.156804 0.593307
133.825 35.4237 -0.0827544 -0.56562 0.154747 0.586406
133.85 35.3997 -0.0522584 -0.568381 0.155676 0.589315
133.877 35.4469 0.012699 -0.569172 0.156052 0.590177
133.947 35.4494 0.015465 -0.574902 0.158086 0.596241
133.945 35.3434 0.0124124 -0.577783 0.158891 0.599233
133.921 35.3194 0.00208134 -0.576578 0.15841 0.597944
133.737 35.4447 -0.0548019 -0.557791 0.152037 0.57814
133.724 35.3059 0.0060793 -0.560905 0.15285 0.581358
133.869 35.4103 0.0189013 -0.569525 0.156107 0.590533
133.937 35.4019 0.0296256 -0.575341 0.158154 0.596683
133.976 35.4544 0.0129086 -0.576973 0.158844 0.598439
133.733 35.4356 -0.057841 -0.557724 0.151996 0.578065
133.871 35.4822 0.0159132 -0.567732 0.155613 0.588672
133.684 35.3669 -0.0184124 -0.55576 0.151176 0.575954
133.978 35.3991 0.0142038 -0.578828 0.159383 0.60037
133.872 35.3031 -0.00323574 -0.573135 0.157153 0.59429
133.683 35.4794 -0.0262749 -0.5523 0.150188 0.572356
133.866 35.3666 0.00276064 -0.570787 0.156452 0.59184
133.753 35.3072 0.006279 -0.563333 0.153699 0.583924
133.723 35.3778 -0.027489 -0.558597 0.152188 0.578958
133.69 35.3453 -0.0159684 -0.55686 0.151517 0.577106
133.807 35.3756 -0.00230763 -0.56563 0.154653 0.586391
133.89 35.4913 0.00528774 -0.568934 0.156057 0.589949
133.862 35.4931 0.0164976 -0.566655 0.155252 0.587538
133.852 35.4009 -0.0225962 -0.568478 0.155714 0.589418
133.749 35.3325 0.010375 -0.562085 0.153323 0.582622
133.837 35.3209 0.0212219 -0.569531 0.155928 0.59049
133.907 35.4431 -0.00158663 -0.571823 0.156981 0.592979
133.995 35.2806 0.00635221 -0.583474 0.160808 0.605228
133.974 35.3034 0.00427368 -0.581251 0.160051 0.602884
133.855 35.2841 0.000201698 -0.572402 0.156847 0.593503
133.707 35.3287 -0.0143674 -0.55898 0.15221 0.579333
133.815 35.4903 -0.00992494 -0.562921 0.153928 0.583587
133.911 35.4581 0.00740512 -0.571545 0.156921 0.592696
133.8 35.2862 0.00236551 -0.567708 0.155201 0.58854
133.855 35.3653 0.0311179 -0.569706 0.156078 0.590699
133.755 35.2916 0.0115725 -0.56396 0.153886 0.584578
133.867 35.4134 0.0157518 -0.569307 0.156034 0.590302
133.907 35.3078 0.00183584 -0.5759 0.158141 0.597218
133.969 35.495 0.00117163 -0.575269 0.158316 0.596656
133.93 35.4838 0.00597809 -0.572416 0.15728 0.593631
133.882 35.3937 0.01618 -0.571073 0.156623 0.592162
133.768 35.3297 0.00897315 -0.56384 0.153929 0.584474
133.972 35.3569 0.0176111 -0.579599 0.15957 0.601163
133.843 35.3644 0.0177856 -0.568829 0.155763 0.58977
133.891 35.2437 -0.00849532 -0.576229 0.158138 0.597534
133.952 35.2525 -0.00270707 -0.580819 0.159801 0.602401
133.73 35.2547 0.00661002 -0.562814 0.153423 0.583351
134.057 35.1891 -0.00445291 -0.590468 0.163174 0.6126
133.73 35.1816 0.00805645 -0.564844 0.154001 0.585461
133.739 35.1109 0.00346827 -0.567639 0.154843 0.58838
133.958 35.2509 0.000792353 -0.581338 0.159983 0.602949
134.061 35.4462 0.00289861 -0.583795 0.161293 0.605667
133.958 35.1847 -0.0213929 -0.583177 0.16051 0.604862
133.754 35.1319 -0.00898572 -0.568396 0.155142 0.589188
133.891 35.1181 -0.000380628 -0.579449 0.159058 0.600883
133.718 35.1975 -0.0042802 -0.563437 0.153533 0.583981
134.027 35.1366 -0.00794149 -0.589607 0.16275 0.611657
133.931 35.1369 -0.0158526 -0.582184 0.160069 0.603788
133.912 35.1287 -0.00496283 -0.580865 0.159586 0.602389
134.041 35.3116 0.00147174 -0.586198 0.161858 0.608134
134.059 35.3231 0.00867986 -0.587168 0.162243 0.60917
134.011 35.3703 0.0140155 -0.582464 0.160615 0.604203
134.057 35.4272 0.00977171 -0.584166 0.16137 0.606045
134.046 35.3156 0.00282538 -0.586368 0.161935 0.608318
133.771 35.16 -0.00247423 -0.568944 0.155393 0.589783
133.797 35.185 -0.0070108 -0.570369 0.155941 0.591303
134.093 35.4019 0.0150642 -0.587563 0.162555 0.609635
133.959 35.1528 -0.00282205 -0.583907 0.160723 0.605623
133.814 35.1859 -0.00178118 -0.57174 0.156424 0.592752
134.025 35.3241 0.00451134 -0.58454 0.161291 0.606384
133.778 35.1719 -0.00417434 -0.569201 0.155501 0.590059
133.836 35.5003 0.0126774 -0.564319 0.15444 0.58507
134.025 35.1269 -0.0040779 -0.589699 0.162769 0.61175
133.817 35.0828 -0.00272855 -0.574654 0.157273 0.595787
133.972 35.1109 -0.00703078 -0.585961 0.16139 0.607781
134.004 35.2762 0.00498252 -0.584429 0.161134 0.606236
133.784 35.1919 0.00068954 -0.569286 0.155557 0.590156
134.03 35.4959 0.00124291 -0.579933 0.160001 0.601601
134.028 35.2378 -0.000778173 -0.587236 0.16208 0.609193
133.83 35.1253 0.00541754 -0.574437 0.157284 0.59558
134.079 35.4425 0.00107931 -0.585297 0.161826 0.607256
133.954 35.2175 0.00218291 -0.581913 0.160121 0.603541
134.071 35.2338 -0.00221938 -0.590535 0.163277 0.612691
133.99 35.1534 -0.00830321 -0.586391 0.161616 0.608255
134.02 35.24 -0.00236219 -0.586454 0.161807 0.608367
133.688 35.145 -0.00324066 -0.562607 0.153133 0.583075
133.684 35.0859 0.0118104 -0.563711 0.153429 0.584218
133.805 35.0903 -0.00511604 -0.573623 0.156913 0.594697
133.91 35.1081 0.00489103 -0.581169 0.15966 0.602701
134.003 35.4544 0.00790471 -0.579132 0.159615 0.600725
133.907 35.1687 0.00506321 -0.579467 0.15916 0.600927
133.805 35.1716 -0.0075617 -0.571369 0.156271 0.592354
133.748 35.2403 0.0070129 -0.564761 0.154077 0.585401
133.955 35.1816 -0.0162166 -0.583027 0.160449 0.604702
133.843 35.235 -0.0038026 -0.572684 0.156859 0.593777
133.949 35.2328 -0.00242137 -0.581184 0.159886 0.602775
133.827 35.2403 -0.00418381 -0.571378 0.156394 0.592395
133.755 35.1403 -0.0106284 -0.568181 0.155083 0.588966
133.939 35.5091 0.0063896 -0.572463 0.157347 0.593693
133.687 35.1812 0.00563004 -0.561409 0.152791 0.581829
134.001 35.2188 -0.00439321 -0.585592 0.161451 0.607441
134.042 35.0853 0.0028645 -0.591954 0.163513 0.614122
133.884 35.0997 -0.00685073 -0.579525 0.159043 0.600953
134.054 35.0853 0.000211414 -0.592849 0.163838 0.615072
133.93 35.2394 0.00220854 -0.579342 0.159255 0.600832
134.012 35.2528 -0.00308506 -0.585595 0.161516 0.607461
133.76 35.2306 0.000276992 -0.566056 0.15451 0.586764
134.014 35.4734 0.0105247 -0.579337 0.15974 0.600956
133.946 35.1975 -0.00160738 -0.582063 0.160122 0.603686
133.827 35.1041 0.00153894 -0.574819 0.157373 0.595973
133.855 35.1266 0.00135952 -0.576407 0.157985 0.597666
134.085 35.4784 0.00831119 -0.584731 0.161699 0.606677
134.03 35.2175 -0.00216104 -0.587731 0.162234 0.609711
133.951 35.2587 -0.00238765 -0.580699 0.159762 0.602275
133.895 35.2428 -0.0107735 -0.576647 0.158286 0.597977
133.909 35.1597 -0.00476781 -0.579867 0.159279 0.601345
133.698 35.22 -0.00960724 -0.561135 0.15277 0.581559
134.071 35.2184 -0.00634633 -0.590922 0.163389 0.613094
134.036 35.1453 -0.0132795 -0.5902 0.162971 0.612287
134.064 35.2591 0.00284651 -0.589389 0.162908 0.611489
134.062 35.3334 0.0113643 -0.586991 0.162209 0.608991
134.041 35.1587 -0.00170205 -0.590097 0.162973 0.612188
133.745 35.2387 0.00265425 -0.564519 0.153988 0.585144
134.02 35.3862 0.0116835 -0.582575 0.160698 0.604332
134.043 35.2228 0.00385174 -0.588654 0.162576 0.610692
133.819 35.0987 -0.000668435 -0.574411 0.157214 0.595537
133.982 35.2747 0.00492568 -0.58282 0.160544 0.604527
134.071 35.1566 0.00122118 -0.592358 0.163804 0.614589
134.065 35.2628 0.00316145 -0.589378 0.162911 0.611479
133.999 35.1809 -0.0167996 -0.586432 0.16168 0.608311
134.047 35.4556 0.00554715 -0.582393 0.160807 0.604186
133.839 35.2319 -3.86128e-05 -0.572456 0.156774 0.593535
134.046 35.2934 0.0132556 -0.587219 0.162183 0.609204
133.728 35.0922 -0.000885883 -0.567164 0.154647 0.58787
133.686 35.2119 0.00210591 -0.560372 0.152489 0.58075
133.713 35.1256 0.00984526 -0.564998 0.153949 0.585596
133.973 35.51 0.00226148 -0.575135 0.158303 0.596523
133.823 35.0928 -0.00667714 -0.574912 0.157379 0.596063
133.924 35.0841 0.00103853 -0.582926 0.160243 0.60455
134.012 35.1403 -0.00557626 -0.588349 0.162307 0.610326
134.094 35.505 0.0134375 -0.584701 0.161746 0.606661
133.977 35.1072 -0.00584106 -0.586367 0.161529 0.608209
134.011 35.1344 -0.00867422 -0.588373 0.162304 0.610349
133.702 35.1294 0.00456622 -0.564021 0.153611 0.584564
134.025 35.4897 0.00722109 -0.579816 0.159939 0.60147
133.782 35.0931 0.0107497 -0.571468 0.156171 0.592423
134.032 35.4284 0.0177638 -0.582241 0.160672 0.604003
133.727 35.1306 -0.00258733 -0.566116 0.154342 0.586779
134.032 35.4897 0.00214799 -0.580294 0.160116 0.601978
133.754 35.1991 -0.000366335 -0.566501 0.154601 0.587218
134.1 35.5031 0.0112196 -0.585239 0.161934 0.60723
133.921 35.2641 -0.00586088 -0.577994 0.158815 0.599416
133.975 35.1406 -0.0135304 -0.585621 0.161306 0.60743
133.832 35.1219 0.00437605 -0.574768 0.15739 0.595928
133.974 35.1991 -0.0191385 -0.584002 0.160837 0.605745
134.039 35.4956 0.005079 -0.580686 0.160274 0.602399
134.09 35.1556 -0.00581692 -0.593935 0.164367 0.616259
133.929 35.2725 0.000976295 -0.578358 0.158966 0.599807
133.93 35.1609 -0.0155459 -0.581509 0.159872 0.603085
134.043 35.2741 0.0113196 -0.587342 0.162198 0.609327
134.02 35.4631 0.00732412 -0.580124 0.160002 0.601784
133.688 35.245 0.000757465 -0.559661 0.152296 0.580013
133.723 35.2203 -0.00605464 -0.563298 0.153526 0.583845
134.06 35.3284 0.0101892 -0.587035 0.162213 0.609035
134.091 35.3113 0.00287625 -0.590038 0.163255 0.612207
133.809 35.1062 0.00667794 -0.573274 0.156835 0.594341
133.827 35.2428 -0.00312534 -0.571344 0.156388 0.592361
133.988 35.2134 0.00187305 -0.584644 0.161105 0.606435
134.056 35.2834 0.00996041 -0.588168 0.162509 0.610205
133.836 35.1775 -0.012297 -0.573658 0.157096 0.594779
134.016 35.46 0.00854568 -0.57982 0.159887 0.601461
134.097 35.4162 0.0057248 -0.587503 0.162567 0.60958
134.094 35.3009 0.00315647 -0.590638 0.163445 0.612836
133.745 35.2094 0.00452053 -0.565318 0.154216 0.585975
133.802 35.2353 0.00139008 -0.5696 0.15575 0.59051
133.85 35.1216 0.00508427 -0.576092 0.157867 0.597331
133.716 35.2456 0.0110797 -0.562044 0.153126 0.582529
134.041 35.2437 0.00429688 -0.587957 0.16236 0.609963
133.708 35.2453 0.00751476 -0.561368 0.152894 0.581816
134.06 35.2503 -0.000211022 -0.58922 0.162834 0.611306
133.773 35.2491 0.00766647 -0.566637 0.154747 0.587388
134.014 35.1125 0.00300733 -0.589173 0.162555 0.611187
134.069 35.1178 0.00386751 -0.593175 0.164022 0.615434
134.036 35.21 -0.00110405 -0.588413 0.162466 0.61043
134.034 35.1741 -0.000654908 -0.589108 0.162652 0.61115
133.94 35.1388 -0.00691273 -0.582837 0.16031 0.604482
133.702 35.2475 0.00641281 -0.560727 0.152676 0.581141
133.978 35.2212 -0.00663507 -0.583765 0.160794 0.605505
134.086 35.4819 0.00945307 -0.584761 0.161716 0.606711
133.811 35.2587 0.0078912 -0.569509 0.155774 0.590429
133.709 35.0859 0.010163 -0.565722 0.154133 0.586344
134.094 35.4288 -0.00083837 -0.586855 0.16236 0.6089
133.743 35.1856 0.0122952 -0.565784 0.154337 0.586457
133.879 35.1194 -0.000245712 -0.578444 0.158701 0.599819
134.003 35.43 0.0130031 -0.579905 0.159836 0.60153
134.064 35.4766 0.00228768 -0.583136 0.161121 0.604986
134.028 35.2169 -0.00519975 -0.587637 0.162195 0.60961
133.927 35.09 0.000939369 -0.583016 0.160286 0.604648
133.91 35.1569 -0.00731545 -0.579982 0.159319 0.601467
133.89 35.1778 0.00191124 -0.577852 0.158601 0.599222
133.745 35.1612 0.0112571 -0.566656 0.154597 0.587367
133.691 35.1866 0.00394602 -0.561576 0.152858 0.582008
134.08 35.1666 0.000484759 -0.592824 0.163989 0.615087
133.966 35.0938 -0.00367855 -0.585938 0.161347 0.607747
134.03 35.1212 -0.00288872 -0.590127 0.162917 0.612202
134.088 35.1625 -0.00473345 -0.593617 0.164264 0.615925
133.8 35.1503 -0.00920485 -0.571478 0.156273 0.592459
133.706 35.2488 0.00668514 -0.56109 0.152804 0.581525
133.861 35.1878 -0.0174827 -0.575438 0.157742 0.596667
134.014 35.1384 -0.00584286 -0.588574 0.16238 0.610562
133.691 35.14 -0.00289143 -0.56296 0.153253 0.583447
133.772 35.1931 -0.0062463 -0.568158 0.155174 0.588968
133.886 35.1788 -0.000647385 -0.577508 0.158474 0.598856
134.059 35.1638 0.00385365 -0.591221 0.163403 0.613386
133.855 35.1112 0.0023223 -0.57682 0.158101 0.598095
133.96 35.1516 -0.00392164 -0.584056 0.160771 0.605779
133.874 35.2453 -0.0104483 -0.574884 0.157661 0.596111
134.041 35.2966 0.0116137 -0.586705 0.162003 0.608661
134.005 35.2578 0.00150928 -0.585079 0.161327 0.606914
133.889 35.2134 0.00326323 -0.5768 0.158295 0.598126
134.07 35.3481 0.0032858 -0.58757 0.162423 0.609607
134.069 35.1447 -0.0146176 -0.59256 0.163844 0.614794
133.907 35.1219 0.000602154 -0.580589 0.159477 0.602093
133.719 35.1506 0.00769715 -0.564824 0.153935 0.585425
133.93 35.2563 -0.00108569 -0.578925 0.159138 0.600399
133.698 35.2741 0.00742351 -0.559705 0.152368 0.580074
133.907 35.0831 0.00900272 -0.581566 0.159753 0.603109
133.922 35.1762 0.00289932 -0.580476 0.159532 0.601999
133.92 35.2781 0.00642249 -0.577529 0.158678 0.598931
133.998 35.17 -0.00989976 -0.586715 0.161753 0.608603
133.784 35.1519 -0.000196893 -0.570078 0.155783 0.59098
134.076 35.4503 -3.44525e-05 -0.584763 0.161653 0.606695
133.868 35.2462 -0.00371646 -0.574431 0.157495 0.59563
133.764 35.0834 0.0134774 -0.570272 0.15573 0.591153
133.688 35.1147 -0.00414102 -0.563388 0.153355 0.583887
134.036 35.2681 0.00545891 -0.587035 0.162068 0.608996
134.011 35.1484 -0.0104533 -0.588034 0.16221 0.609997
133.888 35.2069 -0.00823585 -0.576946 0.158327 0.598276
133.822 35.2491 -0.00365314 -0.570797 0.1562 0.591783
133.948 35.5194 0.0155915 -0.572864 0.157512 0.594123
133.796 35.2459 0.00206662 -0.568682 0.155459 0.589548
134.037 35.2075 -0.000335109 -0.588557 0.162514 0.610582
133.787 35.2691 0.0111915 -0.567177 0.15498 0.58797
133.743 35.0934 0.002811 -0.56831 0.155055 0.589082
133.79 35.2131 0.00036267 -0.569081 0.155537 0.589953
134.036 35.2125 -0.000485309 -0.58827 0.16242 0.61028
133.819 35.2094 0.00400094 -0.571662 0.156429 0.592679
134.034 35.4769 0.000596697 -0.580829 0.160281 0.602538
133.934 35.1062 -0.000862348 -0.583148 0.160365 0.604796
134.067 35.0956 0.00380798 -0.593619 0.16414 0.615894
134.059 35.4816 0.000547491 -0.582653 0.160953 0.604475
133.683 35.2713 0.00973292 -0.558467 0.151933 0.578765
133.99 35.0947 -0.00125962 -0.587772 0.16201 0.609691
134.036 35.1091 0.000543189 -0.590909 0.16318 0.613026
133.716 35.1847 0.00130288 -0.56365 0.153584 0.584199
134.084 35.3738 0.0134963 -0.587684 0.162537 0.609746
133.742 35.1241 -0.00615431 -0.567537 0.154831 0.588278
134.007 35.1297 -0.0146891 -0.588245 0.162247 0.61021
133.75 35.1128 -0.00629778 -0.568433 0.155126 0.58922
133.841 35.1184 0.00557012 -0.575575 0.157671 0.59678
133.742 35.09 0.00478937 -0.568324 0.155055 0.589096
133.745 35.1238 -0.000809427 -0.567778 0.154915 0.588533
133.702 35.2306 0.00247858 -0.561172 0.152804 0.581604
134.042 35.3444 0.00985614 -0.585379 0.161629 0.607283
134.018 35.2625 -0.000967778 -0.585914 0.161641 0.607802
133.803 35.245 0.00186436 -0.569243 0.155653 0.59014
134.03 35.1313 -0.00462106 -0.590015 0.162889 0.612087
133.924 35.2212 0.00135859 -0.579347 0.15922 0.600827
134.097 35.3831 0.00918502 -0.588426 0.16283 0.61054
134.016 35.1616 -0.0163535 -0.588192 0.162284 0.610169
134.068 35.2116 0.00137706 -0.590774 0.163328 0.612935
134.014 35.1722 -0.00896732 -0.587846 0.162174 0.609806
133.726 35.2128 -0.00443461 -0.563679 0.153649 0.584245
133.782 35.2503 0.0067275 -0.567279 0.15498 0.588068
134.064 35.2194 -0.00342269 -0.590269 0.163159 0.612404
134.023 35.2941 0.00717687 -0.585399 0.16152 0.607273
134.087 35.3303 0.0146905 -0.588988 0.16293 0.611108
133.741 35.1297 -0.00482173 -0.567366 0.154775 0.588098
134.07 35.5016 0.00892959 -0.582871 0.161076 0.604718
133.842 35.2625 0.00259559 -0.57194 0.156641 0.593002
134.097 35.3603 0.00495715 -0.589312 0.163084 0.611461
134.055 35.4447 0.00269466 -0.583437 0.161156 0.605285
133.98 35.5119 0.00140186 -0.575589 0.15847 0.597005
134.012 35.4288 0.00940471 -0.580598 0.160091 0.602265
133.715 35.1369 0.00817368 -0.564796 0.153903 0.585389
134.089 35.1297 -0.00887651 -0.594477 0.164513 0.61682
134.046 35.4866 0.000782431 -0.581447 0.160528 0.603199
133.992 35.2172 0.00202495 -0.584906 0.161203 0.606714
133.709 35.2653 0.0132048 -0.56093 0.152776 0.581363
134.033 35.0966 0.00302343 -0.590965 0.163174 0.613079
133.879 35.2387 -0.0112286 -0.57541 0.157839 0.596666
134.089 35.1328 -0.0092876 -0.594473 0.164512 0.616816
133.939 35.1137 -0.00218817 -0.583306 0.160437 0.604967
133.986 35.2141 0.00392727 -0.584485 0.161048 0.606267
133.803 35.2541 0.00608447 -0.569028 0.155591 0.589916
133.92 35.2381 -0.00717546 -0.578671 0.159007 0.60012
133.957 35.205 0.00515462 -0.582757 0.160384 0.604424
134.06 35.3444 0.00336036 -0.586743 0.162127 0.60873
133.778 35.0828 0.011156 -0.57141 0.156132 0.592356
134.069 35.1506 -0.00652 -0.592398 0.163801 0.614626
133.846 35.1619 0.00599577 -0.574803 0.157478 0.595985
134.039 35.2034 -0.000237484 -0.588774 0.162587 0.610811
134.003 35.2769 0.00499528 -0.584329 0.161101 0.60613
134.049 35.4319 0.0104531 -0.583538 0.161149 0.60538
134.066 35.4141 0.00976594 -0.585118 0.161698 0.607049
134.044 35.3431 0.00438663 -0.585585 0.161699 0.6075
133.872 35.1928 -0.00793498 -0.576149 0.158011 0.597424
134.049 35.2934 0.0139259 -0.587394 0.162247 0.60939
134.065 35.1428 -0.0172806 -0.592401 0.163776 0.614623
133.85 35.2241 -0.000797154 -0.573534 0.157138 0.594671
133.868 35.2409 -0.00304046 -0.574707 0.157577 0.595919
134.029 35.4097 0.0238939 -0.582419 0.160711 0.604186
133.938 35.2013 -0.00462707 -0.581138 0.159809 0.602711
133.783 35.2044 -0.000575864 -0.56871 0.15539 0.589556
133.704 35.1944 -0.00492873 -0.562455 0.15318 0.582941
134.079 35.1375 0.00301003 -0.593455 0.164162 0.615742
134.007 35.2909 0.00562479 -0.584155 0.161073 0.605955
133.931 35.2037 -0.0053979 -0.580454 0.159574 0.601989
133.945 35.0944 -0.00071624 -0.584229 0.160732 0.605936
134.008 35.3591 0.0102222 -0.582438 0.16059 0.604172
134.029 35.1381 -0.00926549 -0.589764 0.16281 0.611824
133.946 35.2041 0.000404061 -0.581836 0.160058 0.60345
134.065 35.4503 0.00343584 -0.583943 0.161356 0.605826
133.875 35.5063 0.0156461 -0.567307 0.155508 0.588235
134.044 35.2425 0.00422278 -0.588207 0.16245 0.610227
134.039 35.1694 -7.40628e-05 -0.589592 0.16282 0.611661
133.886 35.1638 0.00218757 -0.577949 0.158606 0.599317
133.894 35.1566 0.000186261 -0.578684 0.15886 0.600093
133.981 35.1713 -0.00300157 -0.585178 0.161214 0.606979
133.858 35.1394 -0.00686561 -0.5764 0.158003 0.597664
133.769 35.27 0.0122429 -0.565654 0.154444 0.586359
134.078 35.2594 0.000134322 -0.590586 0.163334 0.612756
134.042 35.225 0.00299635 -0.588453 0.162513 0.610481
133.964 35.5162 0.00683977 -0.574169 0.157972 0.595504
133.962 35.2137 0.0057647 -0.582788 0.160421 0.604463
133.946 35.1619 -0.00142921 -0.582679 0.160302 0.604327
133.862 35.2594 -0.00319987 -0.573593 0.157223 0.59475
134.045 35.0825 0.00352369 -0.592214 0.163602 0.614397
133.896 35.1169 0.00141708 -0.57982 0.159193 0.601277
133.883 35.1853 -0.00697623 -0.577248 0.158386 0.598583
133.848 35.0812 -0.00362888 -0.577173 0.158167 0.598452
134.078 35.3 0.0062125 -0.589424 0.162999 0.611547
133.727 35.1356 -0.0020943 -0.566009 0.154312 0.586667
133.884 35.1059 -0.00280298 -0.579216 0.158952 0.60063
134.079 35.4162 0.0115045 -0.586041 0.162039 0.60803
134.047 35.4481 0.00225085 -0.58273 0.160904 0.604537
133.789 35.1297 0.00198329 -0.571075 0.156097 0.592024
133.998 35.2791 0.00549609 -0.583775 0.160912 0.605546
134.05 35.1187 -0.00460582 -0.591755 0.163505 0.613928
133.709 35.0866 0.00944666 -0.565729 0.154136 0.586351
134.047 35.4984 0.00513586 -0.581237 0.160477 0.602984
133.688 35.2219 -0.00508193 -0.560401 0.15251 0.580783
134.053 35.1009 0.0015719 -0.592392 0.163703 0.614595
134.001 35.1544 -0.00585753 -0.587128 0.161892 0.609039
133.825 35.2378 -0.00157909 -0.57129 0.156362 0.592301
133.813 35.085 -0.00531061 -0.574256 0.157139 0.595367
133.889 35.2178 -0.00364616 -0.576677 0.158258 0.597998
134.055 35.0866 -0.00018754 -0.592894 0.163857 0.61512
133.923 35.24 -0.000993355 -0.578824 0.159069 0.600284
133.763 35.2678 0.0124571 -0.565246 0.154297 0.585927
134.032 35.3034 0.00718774 -0.58584 0.1617 0.607746
134.082 35.2375 -0.00296813 -0.591437 0.163597 0.613646
133.979 35.2234 -0.0091518 -0.583751 0.160793 0.605491
134.022 35.5153 0.00843543 -0.578808 0.159638 0.600419
133.934 35.1816 -0.00690714 -0.581316 0.159841 0.60289
133.981 35.2181 -0.00814212 -0.584 0.160878 0.605754
134.038 35.4672 0.00552203 -0.581415 0.160477 0.603155
133.68 35.1472 0.00611009 -0.561947 0.152902 0.582378
134.089 35.4516 -0.00382775 -0.585891 0.162059 0.607891
133.845 35.1706 -0.00614023 -0.57456 0.157404 0.595731
133.856 35.1728 3.32736e-06 -0.575297 0.157676 0.596513
134.071 35.3487 0.00376645 -0.587635 0.162444 0.609674
133.753 35.2534 0.00795886 -0.564819 0.154119 0.585468
133.985 35.1403 -0.0159487 -0.586452 0.161603 0.60831
133.996 35.2059 -0.00453231 -0.58557 0.161416 0.60741
134.055 35.4156 0.00893495 -0.584372 0.161421 0.606257
133.793 35.2319 -0.00219322 -0.568785 0.155467 0.58965
133.958 35.2531 -0.0010619 -0.581319 0.15998 0.602931
133.871 35.1553 -0.00256124 -0.577089 0.158275 0.5984
134.015 35.1219 0.0016043 -0.588983 0.162506 0.61099
134.098 35.3228 0.0177066 -0.59013 0.163326 0.612314
133.838 35.2616 0.00298879 -0.571599 0.156521 0.592642
133.929 35.1147 0.000858119 -0.582533 0.160161 0.60415
133.945 35.2338 -0.00281563 -0.580858 0.159773 0.602431
133.751 35.0881 0.0129301 -0.569039 0.155305 0.589852
133.773 35.2209 0.00123168 -0.56753 0.154998 0.588315
134.03 35.13 -0.00360965 -0.590001 0.162886 0.612073
133.916 35.1244 0.000640798 -0.581195 0.159699 0.602737
134.078 35.1969 0.000708989 -0.591926 0.16372 0.61415
133.933 35.1059 0.000147013 -0.583064 0.160335 0.604707
133.711 35.18 0.00432044 -0.563344 0.153471 0.583875
134.059 35.3181 0.00954129 -0.587452 0.162324 0.609466
134.053 35.3306 0.00830568 -0.586433 0.162 0.608397
134.075 35.5144 0.0150478 -0.582931 0.161125 0.604789
133.998 35.27 0.00611215 -0.584133 0.161015 0.605919
134.07 35.2166 -0.00466101 -0.590862 0.163363 0.61303
134.043 35.2119 0.002384 -0.588803 0.162618 0.610847
134.012 35.3684 0.0165129 -0.582592 0.16066 0.604339
133.871 35.1097 -0.00863441 -0.578205 0.158594 0.59956
133.875 35.2188 -0.00775341 -0.575592 0.157871 0.59685
134.024 35.3825 0.0107946 -0.583041 0.160857 0.604824
134.084 35.1578 -0.00286031 -0.593379 0.164168 0.615671
133.917 35.1959 -0.00293958 -0.579462 0.159213 0.600936
133.717 35.2 -0.00491082 -0.563315 0.153493 0.583853
