133.97 35.415 0.041608 -0.67059 -0.11497 0.96004
133.77 35.378 0.029202 -0.65768 -0.11413 0.96476
133.82 35.341 0.059212 -0.6603 -0.11433 0.96383
133.7 35.442 -0.010228 -0.65375 -0.11383 0.96613
133.72 35.455 -0.034116 -0.65544 -0.11394 0.96555
133.83 35.336 0.039601 -0.66113 -0.11439 0.96353
133.86 35.354 0.012778 -0.66304 -0.11451 0.96284
133.81 35.499 0.0039238 -0.66157 -0.11434 0.96338
133.88 35.371 0.040019 -0.66431 -0.11459 0.96238
133.77 35.412 -0.044768 -0.658 -0.11414 0.96465
133.95 35.329 -0.0068277 -0.66817 -0.11486 0.96095
133.96 35.303 -0.00053474 -0.6687 -0.11491 0.96075
133.82 35.434 0.007651 -0.66151 -0.11437 0.9634
133.8 35.372 0.068359 -0.65953 -0.11427 0.96411
133.83 35.395 -0.0034138 -0.66133 -0.11438 0.96347
133.99 35.479 -0.0052509 -0.67265 -0.11506 0.95925
134 35.347 0.00062115 -0.67169 -0.11507 0.95962
133.97 35.44 0.013849 -0.67116 -0.11499 0.95982
133.74 35.316 0.0064532 -0.6547 -0.11395 0.9658
133.98 35.493 0.019115 -0.67219 -0.11502 0.95943
133.74 35.447 -0.054548 -0.65679 -0.11404 0.96508
133.86 35.356 0.020273 -0.66308 -0.11451 0.96283
133.86 35.282 0.0052931 -0.66214 -0.11449 0.96317
133.89 35.307 -0.0090459 -0.66436 -0.11463 0.96236
133.77 35.374 0.044861 -0.65775 -0.11414 0.96474
133.94 35.496 -0.024169 -0.67031 -0.11491 0.96015
133.68 35.354 0.030011 -0.65132 -0.11369 0.96696
133.96 35.296 -0.0070314 -0.66855 -0.1149 0.9608
133.89 35.309 -0.0065633 -0.66457 -0.11464 0.96228
133.92 35.41 0.042457 -0.66781 -0.1148 0.96109
133.83 35.385 0.053679 -0.6613 -0.11438 0.96347
133.69 35.476 -0.026594 -0.65354 -0.11379 0.96621
133.68 35.373 0.0062684 -0.65122 -0.11367 0.967
133.84 35.282 0.019008 -0.66059 -0.11438 0.96373
133.86 35.4 0.039644 -0.66387 -0.11455 0.96254
133.9 35.496 -0.0040065 -0.66775 -0.11475 0.96111
133.9 35.447 0.0044246 -0.66713 -0.11473 0.96134
133.88 35.339 0.00503 -0.66382 -0.11457 0.96256
133.97 35.457 0.019473 -0.67137 -0.11499 0.95974
133.73 35.385 0.0015181 -0.65493 -0.11394 0.96573
133.81 35.465 -0.0057073 -0.66138 -0.11435 0.96345
133.73 35.407 -0.015482 -0.65549 -0.11397 0.96553
133.95 35.281 -0.014711 -0.66774 -0.11486 0.96111
133.96 35.403 0.047716 -0.67022 -0.11495 0.96018
133.7 35.458 -0.015982 -0.65369 -0.11381 0.96615
133.91 35.497 -0.005356 -0.66791 -0.11476 0.96105
133.8 35.48 -0.0056106 -0.66103 -0.11431 0.96358
133.81 35.289 -0.0063058 -0.65883 -0.11426 0.96436
133.93 35.42 0.022218 -0.66866 -0.11484 0.96077
133.83 35.34 0.047873 -0.66099 -0.11438 0.96359
133.84 35.369 0.066023 -0.66202 -0.11444 0.96321
133.92 35.303 -0.012904 -0.66621 -0.11475 0.96168
133.73 35.363 0.034695 -0.65471 -0.11393 0.9658
133.98 35.331 -0.0056103 -0.67048 -0.11501 0.96007
133.86 35.471 0.0038547 -0.66462 -0.11456 0.96227
133.71 35.477 -0.031392 -0.65524 -0.11391 0.96562
133.68 35.444 -0.0052495 -0.65262 -0.11374 0.96652
133.96 35.45 0.035687 -0.67041 -0.11494 0.96011
133.73 35.351 0.046076 -0.65482 -0.11394 0.96576
133.73 35.322 0.017494 -0.65397 -0.1139 0.96605
133.8 35.35 0.056284 -0.65925 -0.11426 0.96421
133.74 35.498 -0.029556 -0.65751 -0.11407 0.96483
133.72 35.34 0.033618 -0.65341 -0.11385 0.96625
133.9 35.316 -0.0036457 -0.66493 -0.11466 0.96215
133.85 35.468 0.0067521 -0.66414 -0.11453 0.96244
133.79 35.392 0.025482 -0.65917 -0.11423 0.96424
133.77 35.474 -0.023172 -0.65882 -0.11417 0.96436
133.83 35.449 -0.00048381 -0.66205 -0.1144 0.9632
133.87 35.371 0.033428 -0.66385 -0.11456 0.96255
133.97 35.298 -0.0026953 -0.66903 -0.11493 0.96062
133.73 35.287 0.038881 -0.65344 -0.11387 0.96624
133.94 35.304 -0.009181 -0.66758 -0.11484 0.96117
133.91 35.337 0.0060451 -0.66586 -0.11471 0.96181
133.92 35.374 0.031337 -0.6674 -0.11479 0.96124
133.93 35.36 0.018868 -0.66773 -0.11482 0.96111
133.96 35.49 0.014033 -0.67134 -0.11497 0.95975
133.94 35.492 -0.0078166 -0.67009 -0.11489 0.96023
133.97 35.306 -0.0040809 -0.66973 -0.11497 0.96036
133.79 35.402 -0.0088356 -0.65937 -0.11424 0.96417
133.73 35.322 0.03636 -0.65432 -0.11392 0.96594
133.79 35.455 -0.040943 -0.65969 -0.11424 0.96405
133.9 35.401 0.035231 -0.66596 -0.11468 0.96177
133.7 35.423 -0.014768 -0.65351 -0.11382 0.96622
133.98 35.432 0.055244 -0.67165 -0.11502 0.95963
133.78 35.451 -0.046059 -0.65936 -0.11422 0.96417
133.85 35.447 0.013959 -0.66338 -0.11449 0.96272
133.9 35.423 0.013592 -0.66679 -0.11472 0.96147
133.83 35.309 0.016621 -0.66049 -0.11436 0.96376
133.75 35.385 0.0066306 -0.65635 -0.11404 0.96523
133.83 35.493 0.0016388 -0.66315 -0.11445 0.96281
133.76 35.48 -0.022242 -0.65824 -0.11412 0.96457
133.86 35.499 -0.0028467 -0.66489 -0.11456 0.96217
133.89 35.329 0.0038783 -0.66446 -0.11462 0.96232
133.76 35.458 -0.048828 -0.65766 -0.11409 0.96477
133.96 35.306 -0.0046854 -0.66876 -0.11491 0.96072
133.92 35.3 -0.010194 -0.66601 -0.11474 0.96175
133.71 35.486 -0.032545 -0.65501 -0.11389 0.9657
133.89 35.42 0.0079315 -0.66564 -0.11465 0.96189
133.83 35.421 -0.0404 -0.66182 -0.1144 0.96329
133.7 35.343 0.025602 -0.65262 -0.11379 0.96652
133.78 35.308 0.034512 -0.65709 -0.11413 0.96497
133.87 35.449 0.011094 -0.66467 -0.11457 0.96225
133.8 35.487 -0.0064879 -0.66074 -0.11429 0.96368
133.81 35.294 0.022324 -0.65884 -0.11426 0.96435
133.73 35.283 0.027055 -0.65368 -0.11389 0.96616
133.78 35.457 -0.039607 -0.65939 -0.11421 0.96416
133.7 35.312 0.0053386 -0.65226 -0.11378 0.96664
133.68 35.456 -0.011762 -0.65272 -0.11374 0.96649
133.76 35.471 -0.027733 -0.65801 -0.11411 0.96465
133.71 35.474 -0.028978 -0.65497 -0.1139 0.96572
133.88 35.307 0.0020455 -0.6634 -0.11456 0.96271
133.71 35.314 -0.010603 -0.65296 -0.11383 0.9664
133.9 35.388 0.038473 -0.66626 -0.11471 0.96166
133.87 35.336 0.01061 -0.66369 -0.11457 0.96261
133.88 35.282 -0.0053991 -0.66362 -0.11459 0.96263
133.75 35.484 -0.021327 -0.65737 -0.11406 0.96488
133.82 35.346 0.04908 -0.6604 -0.11434 0.9638
133.7 35.34 0.03732 -0.65258 -0.11379 0.96653
133.77 35.281 0.0050276 -0.65594 -0.11406 0.96537
133.88 35.359 0.026007 -0.66441 -0.1146 0.96234
133.68 35.404 -0.00705 -0.65202 -0.11372 0.96673
133.78 35.353 0.040533 -0.65774 -0.11415 0.96474
133.77 35.493 -0.019963 -0.6591 -0.11418 0.96427
133.75 35.296 0.023151 -0.65503 -0.11399 0.96569
133.97 35.438 0.016542 -0.67129 -0.115 0.95977
133.79 35.346 0.055304 -0.65849 -0.11421 0.96448
133.9 35.398 0.036335 -0.66637 -0.11471 0.96162
133.83 35.33 0.037763 -0.66106 -0.11439 0.96356
133.72 35.296 0.037327 -0.65316 -0.11385 0.96634
133.7 35.481 -0.030681 -0.65449 -0.11386 0.96588
133.94 35.297 -0.011459 -0.66745 -0.11483 0.96121
133.92 35.334 0.004784 -0.66691 -0.11478 0.96142
133.9 35.365 0.030647 -0.66595 -0.1147 0.96178
133.9 35.34 0.022441 -0.66509 -0.11466 0.96209
133.89 35.327 0.0086808 -0.66473 -0.11464 0.96223
133.8 35.364 0.064299 -0.65946 -0.11426 0.96413
133.99 35.464 0.022722 -0.67272 -0.11507 0.95922
133.83 35.286 -0.021759 -0.66017 -0.11435 0.96388
133.78 35.353 0.055825 -0.65755 -0.11414 0.96481
133.78 35.327 0.013444 -0.65737 -0.11414 0.96487
133.73 35.331 0.035367 -0.65427 -0.11391 0.96595
133.85 35.465 0.0090827 -0.66404 -0.11452 0.96248
133.85 35.487 -0.0047781 -0.66421 -0.11452 0.96242
133.77 35.287 0.011135 -0.65653 -0.1141 0.96517
133.92 35.381 0.049723 -0.66732 -0.11478 0.96127
133.83 35.289 -0.0020642 -0.66003 -0.11434 0.96393
133.85 35.375 -0.0028764 -0.66283 -0.11449 0.96292
133.78 35.448 -0.052751 -0.65907 -0.1142 0.96428
133.85 35.469 0.0062016 -0.66389 -0.11451 0.96254
133.98 35.379 0.0048191 -0.6709 -0.11501 0.95992
133.89 35.297 -0.011706 -0.66436 -0.11463 0.96236
133.86 35.362 0.025975 -0.66314 -0.11452 0.96281
133.67 35.499 -0.017944 -0.65277 -0.11373 0.96647
133.91 35.294 -0.015396 -0.66532 -0.1147 0.96201
133.84 35.474 0.0058787 -0.66328 -0.11447 0.96276
133.79 35.318 0.0034583 -0.65767 -0.11416 0.96477
133.69 35.406 0.00081867 -0.65275 -0.11377 0.96648
133.89 35.474 0.0007719 -0.66629 -0.11466 0.96165
133.72 35.466 -0.027281 -0.6553 -0.11392 0.9656
133.89 35.42 0.010287 -0.66606 -0.11468 0.96174
133.89 35.331 0.007287 -0.66492 -0.11465 0.96216
133.86 35.476 1.1295e-08 -0.66438 -0.11454 0.96236
133.97 35.468 0.013856 -0.6715 -0.11499 0.95969
133.88 35.382 0.042753 -0.66489 -0.11462 0.96217
133.73 35.448 -0.0375 -0.65558 -0.11395 0.9655
133.83 35.439 0.032868 -0.6625 -0.11443 0.96304
133.92 35.367 0.031019 -0.66727 -0.11478 0.96129
133.91 35.328 -0.0096101 -0.666 -0.11472 0.96176
133.78 35.341 0.038363 -0.65797 -0.11417 0.96466
133.96 35.397 0.0084472 -0.67018 -0.11495 0.96019
133.75 35.339 0.035666 -0.65552 -0.114 0.96552
133.69 35.292 0.019891 -0.6513 -0.11372 0.96697
133.74 35.346 0.0404 -0.65485 -0.11395 0.96575
133.94 35.307 -0.012783 -0.66782 -0.11485 0.96108
133.92 35.339 -0.01172 -0.66694 -0.11478 0.96141
133.97 35.341 -0.0020327 -0.66985 -0.11496 0.96031
133.92 35.301 -0.010321 -0.66623 -0.11475 0.96167
133.96 35.365 -0.011323 -0.66949 -0.11493 0.96045
133.8 35.405 -0.024928 -0.65985 -0.11427 0.964
133.72 35.398 -0.018727 -0.65436 -0.11389 0.96592
133.86 35.463 0.007707 -0.66426 -0.11454 0.9624
133.84 35.483 0.0030159 -0.66367 -0.11449 0.96262
133.92 35.446 -0.0095317 -0.6682 -0.1148 0.96094
133.79 35.366 0.11662 -0.65883 -0.11422 0.96436
133.74 35.391 -0.0044729 -0.65603 -0.11401 0.96534
133.95 35.297 -0.0096133 -0.6678 -0.11485 0.96109
133.84 35.321 0.035924 -0.66152 -0.11443 0.96339
133.95 35.411 0.016633 -0.66928 -0.11489 0.96053
133.7 35.493 -0.027835 -0.65468 -0.11387 0.96582
133.83 35.454 0.0069217 -0.66259 -0.11443 0.96301
133.76 35.315 0.035374 -0.65604 -0.11405 0.96534
133.72 35.494 -0.030034 -0.65559 -0.11393 0.9655
133.85 35.394 0.023554 -0.66299 -0.11449 0.96286
133.97 35.318 -0.0022007 -0.66933 -0.11494 0.96051
133.77 35.413 -0.047954 -0.65816 -0.11415 0.9646
133.94 35.315 -0.012553 -0.66763 -0.11483 0.96115
133.71 35.422 -0.023358 -0.65422 -0.11387 0.96597
133.89 35.3 -0.013008 -0.66407 -0.11461 0.96247
133.81 35.325 0.037361 -0.65916 -0.11426 0.96424
133.85 35.438 0.030993 -0.66368 -0.11451 0.96261
133.94 35.319 -0.013511 -0.66737 -0.11482 0.96125
133.7 35.487 -0.029173 -0.65451 -0.11386 0.96587
133.77 35.317 0.044057 -0.65669 -0.11409 0.96511
133.81 35.376 0.061518 -0.6601 -0.1143 0.96391
133.82 35.462 0.0090283 -0.66198 -0.11439 0.96323
133.77 35.496 -0.025338 -0.65915 -0.11418 0.96425
133.95 35.461 0.0082898 -0.67024 -0.11492 0.96017
133.69 35.435 0.010059 -0.65314 -0.11378 0.96634
133.68 35.451 -0.010862 -0.6527 -0.11374 0.96649
133.98 35.366 -0.0042763 -0.67091 -0.11501 0.95991
133.76 35.37 0.052729 -0.65667 -0.11407 0.96512
133.92 35.477 0.0072418 -0.66847 -0.1148 0.96084
133.77 35.466 -0.035682 -0.65845 -0.11415 0.96449
133.93 35.336 0.010501 -0.66732 -0.1148 0.96126
133.7 35.316 0.0061923 -0.65209 -0.11376 0.9667
133.73 35.46 -0.035155 -0.65619 -0.11399 0.96529
133.71 35.433 -0.028783 -0.65439 -0.11387 0.96591
133.81 35.495 0.00086552 -0.66159 -0.11435 0.96337
133.91 35.457 -0.0048738 -0.66785 -0.11477 0.96107
133.82 35.446 -0.01293 -0.66182 -0.11439 0.96329
133.97 35.361 0.024643 -0.67019 -0.11497 0.96019
133.69 35.375 0.013676 -0.6521 -0.11374 0.9667
133.77 35.408 -0.035207 -0.65808 -0.11415 0.96462
134 35.489 0.01273 -0.67365 -0.11511 0.95887
133.75 35.335 0.036554 -0.65555 -0.114 0.96551
133.78 35.411 -0.043483 -0.65848 -0.11417 0.96448
133.93 35.48 -0.011992 -0.66905 -0.11484 0.96062
133.79 35.359 0.059266 -0.65827 -0.11419 0.96456
133.73 35.48 -0.031318 -0.65603 -0.11397 0.96534
133.69 35.467 -0.019508 -0.65356 -0.1138 0.9662
133.79 35.416 -0.052877 -0.65939 -0.11423 0.96416
133.71 35.458 -0.028311 -0.65448 -0.11387 0.96588
133.83 35.477 0.0027221 -0.66271 -0.11443 0.96297
133.94 35.377 0.059072 -0.66818 -0.11484 0.96095
133.91 35.451 0.0070886 -0.66724 -0.11474 0.9613
133.78 35.473 -0.016529 -0.65926 -0.1142 0.96421
133.7 35.404 -0.0048866 -0.65345 -0.11382 0.96623
133.82 35.391 -0.02853 -0.66111 -0.11436 0.96354
133.72 35.3 0.022335 -0.65309 -0.11384 0.96636
133.93 35.498 -0.0054436 -0.66948 -0.11485 0.96046
133.76 35.33 0.048296 -0.65609 -0.11404 0.96532
133.87 35.305 0.012544 -0.66272 -0.11452 0.96296
133.85 35.288 0.018066 -0.66146 -0.11444 0.96342
133.88 35.373 0.04031 -0.66468 -0.11461 0.96224
133.99 35.377 0.035853 -0.67137 -0.11504 0.95974
133.71 35.378 0.0016748 -0.65372 -0.11385 0.96614
133.8 35.45 -0.033382 -0.6605 -0.11429 0.96376
133.99 35.294 0.023317 -0.67033 -0.11502 0.96013
133.94 35.379 0.062364 -0.66829 -0.11484 0.9609
133.9 35.492 -0.0069475 -0.66742 -0.11473 0.96123
133.92 35.43 0.006284 -0.66761 -0.11477 0.96116
133.71 35.497 -0.026986 -0.65496 -0.11389 0.96572
133.89 35.34 0.028339 -0.66471 -0.11463 0.96223
133.91 35.357 0.018154 -0.66627 -0.11472 0.96166
133.98 35.29 -0.0029281 -0.66973 -0.11498 0.96036
133.96 35.485 0.01768 -0.67083 -0.11494 0.95995
133.82 35.494 0.0054899 -0.66213 -0.11438 0.96318
133.99 35.326 0.031677 -0.67108 -0.11505 0.95985
133.99 35.449 0.037006 -0.67222 -0.11505 0.95942
133.83 35.34 0.040406 -0.66106 -0.11439 0.96356
133.71 35.353 0.0089404 -0.65303 -0.11381 0.96638
133.94 35.306 -0.012571 -0.66729 -0.11482 0.96128
133.97 35.381 0.015357 -0.67044 -0.11498 0.96009
133.69 35.387 -0.0074223 -0.65213 -0.11373 0.96669
133.8 35.451 -0.031068 -0.66058 -0.1143 0.96373
133.69 35.428 -0.0056589 -0.65277 -0.11376 0.96647
133.88 35.382 0.044525 -0.66499 -0.11463 0.96213
133.92 35.349 0.0053794 -0.66669 -0.11476 0.9615
133.83 35.5 0.0038471 -0.66298 -0.11444 0.96287
133.73 35.481 -0.027963 -0.65653 -0.114 0.96517
133.77 35.463 -0.041938 -0.6587 -0.11416 0.9644
133.98 35.481 0.0021207 -0.6723 -0.11504 0.95938
133.8 35.415 -0.044036 -0.66014 -0.11429 0.96389
133.74 35.378 0.021356 -0.65587 -0.11401 0.9654
133.74 35.322 0.031738 -0.65466 -0.11395 0.96582
133.8 35.462 -0.021138 -0.66043 -0.11428 0.96379
133.98 35.386 -0.03109 -0.67132 -0.11503 0.95976
133.89 35.402 0.022688 -0.66552 -0.11465 0.96193
133.9 35.461 0.0036578 -0.66714 -0.11473 0.96134
133.83 35.468 0.0070463 -0.66281 -0.11444 0.96293
133.86 35.465 0.0093284 -0.66424 -0.11454 0.96241
133.99 35.422 0.05026 -0.67199 -0.11505 0.9595
133.87 35.318 0.0074203 -0.663 -0.11453 0.96286
133.83 35.456 0.0085716 -0.66274 -0.11444 0.96296
133.99 35.413 0.04716 -0.67217 -0.11507 0.95943
133.81 35.372 0.072751 -0.65976 -0.11428 0.96403
133.86 35.467 0.0051171 -0.66468 -0.11456 0.96225
133.78 35.409 -0.033317 -0.65849 -0.11418 0.96448
133.89 35.46 0.0059217 -0.66655 -0.11469 0.96156
133.78 35.417 -0.052918 -0.65899 -0.11421 0.9643
133.98 35.407 0.054014 -0.67116 -0.11501 0.95982
133.72 35.389 -0.0020715 -0.65438 -0.1139 0.96592
133.78 35.447 -0.054445 -0.65909 -0.1142 0.96427
133.97 35.406 0.049886 -0.67064 -0.11498 0.96002
133.94 35.35 -0.0013129 -0.66803 -0.11484 0.961
133.91 35.334 0.001743 -0.66602 -0.11472 0.96175
133.86 35.406 0.019254 -0.66366 -0.11453 0.96262
133.79 35.293 0.021162 -0.65784 -0.11419 0.96471
133.85 35.407 0.018574 -0.66334 -0.11451 0.96274
133.96 35.489 0.018464 -0.6711 -0.11496 0.95984
133.69 35.353 0.049327 -0.65182 -0.11373 0.96679
133.71 35.292 0.029018 -0.65266 -0.11382 0.9665
133.76 35.406 -0.013748 -0.65699 -0.11407 0.96501
133.83 35.311 0.010613 -0.66048 -0.11436 0.96377
133.79 35.478 -0.015544 -0.66024 -0.11426 0.96386
133.77 35.337 0.039319 -0.65684 -0.1141 0.96506
134 35.432 0.034558 -0.67279 -0.11509 0.9592
133.92 35.392 0.040295 -0.66741 -0.11478 0.96124
133.87 35.448 0.018708 -0.66515 -0.1146 0.96207
133.83 35.315 0.055567 -0.66078 -0.11438 0.96366
133.71 35.399 -0.0029769 -0.65414 -0.11387 0.966
133.81 35.43 -0.022488 -0.66106 -0.11434 0.96356
133.86 35.36 0.017475 -0.6629 -0.1145 0.96289
133.82 35.42 -0.04053 -0.66137 -0.11437 0.96345
133.73 35.471 -0.034946 -0.65643 -0.114 0.96521
133.69 35.297 0.0031824 -0.65105 -0.11369 0.96705
133.94 35.471 0.010779 -0.66967 -0.11488 0.96039
133.8 35.34 0.045916 -0.65915 -0.11426 0.96424
133.83 35.493 7.8925e-10 -0.6631 -0.11445 0.96283
133.88 35.316 0.009665 -0.66367 -0.11457 0.96261
133.72 35.363 0.023989 -0.65397 -0.11388 0.96606
133.83 35.397 -0.015485 -0.66161 -0.1144 0.96336
133.95 35.3 -0.0075471 -0.66831 -0.11489 0.9609
133.96 35.46 0.017182 -0.67099 -0.11497 0.95989
133.91 35.497 -0.0028366 -0.66811 -0.11477 0.96097
133.79 35.394 0.012206 -0.65883 -0.11421 0.96436
133.7 35.373 0.0064723 -0.65284 -0.11379 0.96644
133.98 35.426 0.04475 -0.67142 -0.11501 0.95972
133.72 35.46 -0.034388 -0.65517 -0.11392 0.96564
133.99 35.373 0.036103 -0.67142 -0.11504 0.95972
133.8 35.462 -0.016605 -0.6605 -0.11429 0.96376
133.96 35.36 0.010936 -0.66941 -0.11492 0.96048
133.69 35.358 0.034245 -0.65222 -0.11375 0.96666
133.7 35.451 -0.017104 -0.65361 -0.11381 0.96618
133.69 35.387 0.0064493 -0.65206 -0.11373 0.96671
133.89 35.336 0.014969 -0.66497 -0.11465 0.96214
133.9 35.397 0.043647 -0.66588 -0.11468 0.9618
133.95 35.313 -0.019432 -0.66843 -0.11489 0.96085
133.82 35.437 0.0060453 -0.66152 -0.11437 0.9634
133.69 35.3 0.0015942 -0.65091 -0.11368 0.9671
133.75 35.379 0.021571 -0.65641 -0.11404 0.96521
133.74 35.301 0.018865 -0.65472 -0.11396 0.9658
133.69 35.431 -0.013174 -0.65327 -0.1138 0.9663
133.93 35.451 -0.0042765 -0.66889 -0.11484 0.96068
133.81 35.485 0.00013977 -0.66135 -0.11433 0.96346
133.72 35.282 0.024803 -0.65311 -0.11385 0.96635
133.77 35.363 0.048108 -0.65724 -0.11411 0.96492
133.74 35.459 -0.035215 -0.65683 -0.11404 0.96506
133.77 35.454 -0.051387 -0.65839 -0.11415 0.96452
133.99 35.384 0.0012132 -0.6714 -0.11503 0.95973
133.73 35.357 0.032181 -0.6549 -0.11395 0.96573
133.74 35.389 -0.002692 -0.65545 -0.11397 0.96554
133.81 35.454 -0.002877 -0.66136 -0.11435 0.96346
133.97 35.325 -0.0024006 -0.66978 -0.11497 0.96034
133.69 35.429 -0.012535 -0.6531 -0.11378 0.96636
133.88 35.318 -0.0019413 -0.66402 -0.1146 0.96248
133.91 35.461 -0.0037722 -0.66779 -0.11477 0.9611
133.77 35.35 0.05059 -0.65734 -0.11412 0.96488
133.97 35.439 0.015406 -0.67134 -0.115 0.95975
133.73 35.423 -0.030761 -0.65545 -0.11396 0.96555
133.8 35.434 -0.064475 -0.65999 -0.11427 0.96395
133.83 35.36 0.064743 -0.66089 -0.11437 0.96362
133.97 35.477 0.023691 -0.67139 -0.11498 0.95973
133.8 35.476 -0.0032659 -0.66105 -0.11432 0.96357
133.78 35.444 -0.057753 -0.65918 -0.11421 0.96423
133.84 35.338 0.046159 -0.66159 -0.11442 0.96337
133.81 35.354 0.049125 -0.66 -0.11431 0.96394
133.89 35.312 -0.0056373 -0.66436 -0.11462 0.96236
133.82 35.403 0.00076673 -0.66126 -0.11437 0.96349
133.7 35.455 -0.016413 -0.65368 -0.11381 0.96616
133.68 35.297 -0.0024753 -0.65031 -0.11364 0.9673
133.79 35.331 0.022793 -0.65801 -0.11418 0.96465
133.7 35.416 -0.014537 -0.65358 -0.11382 0.96619
133.95 35.497 0.00101 -0.67062 -0.11492 0.96003
133.85 35.439 0.027264 -0.6636 -0.11451 0.96264
133.78 35.389 0.021664 -0.65831 -0.11417 0.96454
133.94 35.445 0.02574 -0.66945 -0.11488 0.96047
133.79 35.415 -0.046509 -0.65947 -0.11424 0.96413
133.76 35.361 0.03587 -0.65644 -0.11406 0.9652
133.98 35.309 -0.0014496 -0.6699 -0.11498 0.9603
133.79 35.436 -0.069613 -0.6596 -0.11424 0.96409
133.98 35.428 0.038822 -0.67167 -0.11503 0.95962
133.78 35.409 -0.037301 -0.65839 -0.11417 0.96452
133.74 35.329 0.044153 -0.65481 -0.11395 0.96576
133.75 35.337 0.04296 -0.65566 -0.11401 0.96547
133.7 35.366 0.024889 -0.65251 -0.11377 0.96656
133.94 35.355 0.0030159 -0.66826 -0.11485 0.96091
133.93 35.387 0.02265 -0.66799 -0.11482 0.96102
133.94 35.448 0.0096058 -0.6694 -0.11488 0.96049
133.79 35.421 -0.059001 -0.65916 -0.11422 0.96424
133.72 35.422 -0.021547 -0.65497 -0.11392 0.96571
134 35.308 0.0076007 -0.67111 -0.11506 0.95983
133.93 35.287 -0.010051 -0.66646 -0.11477 0.96159
134 35.422 0.020182 -0.67265 -0.11509 0.95925
133.73 35.429 -0.058354 -0.65584 -0.11398 0.96541
133.94 35.486 0.0029111 -0.67006 -0.1149 0.96024
133.89 35.38 0.042451 -0.6653 -0.11465 0.96202
133.76 35.356 0.036713 -0.65654 -0.11406 0.96517
133.89 35.475 0.00077203 -0.6664 -0.11467 0.96161
133.87 35.395 0.038363 -0.66411 -0.11456 0.96246
133.78 35.395 0.011109 -0.65861 -0.11419 0.96444
133.87 35.326 0.015549 -0.66326 -0.11454 0.96276
133.72 35.479 -0.032886 -0.65556 -0.11394 0.96551
133.96 35.285 -0.010961 -0.66826 -0.11489 0.96091
133.75 35.306 0.050162 -0.65498 -0.11398 0.96571
133.88 35.425 -0.0015455 -0.66556 -0.11464 0.96192
133.74 35.393 -0.00060249 -0.65585 -0.114 0.9654
133.76 35.434 -0.046921 -0.65743 -0.11409 0.96485
133.67 35.317 -0.0013001 -0.65011 -0.11361 0.96737
133.71 35.449 -0.045313 -0.65443 -0.11387 0.9659
133.93 35.407 0.034966 -0.66811 -0.11482 0.96097
133.91 35.456 -0.0036189 -0.66743 -0.11475 0.96123
133.76 35.307 0.023582 -0.65571 -0.11403 0.96545
133.84 35.42 0.019811 -0.66249 -0.11444 0.96304
133.86 35.309 0.040474 -0.66248 -0.1145 0.96305
133.78 35.405 -0.02573 -0.65836 -0.11417 0.96452
133.72 35.377 0.0056553 -0.6544 -0.1139 0.96591
133.87 35.469 0.0039226 -0.66541 -0.11461 0.96198
133.68 35.437 0.0041903 -0.65257 -0.11374 0.96654
133.93 35.338 -0.0040427 -0.66748 -0.11481 0.96121
133.93 35.387 0.043274 -0.66819 -0.11483 0.96094
133.81 35.295 0.0068105 -0.65918 -0.11428 0.96423
133.84 35.479 0.0024666 -0.66352 -0.11448 0.96267
133.85 35.299 0.02988 -0.66164 -0.11445 0.96335
133.67 35.499 -0.017666 -0.65275 -0.11373 0.96648
133.76 35.286 0.019072 -0.65528 -0.11401 0.9656
133.92 35.461 -0.0020234 -0.668 -0.11478 0.96101
133.8 35.421 -0.048844 -0.66015 -0.11428 0.96389
133.8 35.414 -0.040632 -0.66016 -0.11429 0.96388
133.97 35.389 0.017359 -0.67021 -0.11496 0.96018
133.8 35.385 0.039362 -0.65959 -0.11426 0.96409
133.97 35.288 -0.0048328 -0.6693 -0.11496 0.96052
133.81 35.444 -0.016962 -0.66126 -0.11435 0.96349
133.76 35.283 0.022555 -0.65554 -0.11403 0.96551
133.79 35.315 0.038439 -0.65818 -0.1142 0.96459
133.73 35.356 0.028165 -0.65452 -0.11392 0.96587
133.71 35.371 0.0097492 -0.65366 -0.11385 0.96616
133.78 35.486 -0.01051 -0.65963 -0.11422 0.96408
133.71 35.449 -0.036556 -0.65482 -0.1139 0.96577
133.78 35.379 0.059663 -0.65848 -0.11419 0.96448
133.85 35.372 0.013366 -0.66264 -0.11448 0.96299
133.86 35.387 0.04103 -0.66333 -0.11452 0.96274
133.82 35.394 -0.0034474 -0.66103 -0.11436 0.96357
133.88 35.335 0.021212 -0.66426 -0.1146 0.9624
133.88 35.458 0.0096435 -0.66543 -0.11462 0.96197
133.97 35.312 0.0048046 -0.6697 -0.11497 0.96037
133.84 35.462 0.015577 -0.66341 -0.11448 0.96271
133.91 35.365 0.028005 -0.66609 -0.11471 0.96173
133.9 35.475 -0.0017241 -0.66728 -0.11473 0.96128
133.69 35.438 -0.0038968 -0.65326 -0.11379 0.9663
134 35.413 0.0717 -0.67243 -0.11508 0.95933
133.87 35.364 0.034485 -0.66398 -0.11457 0.9625
133.93 35.482 -0.0075578 -0.66909 -0.11484 0.96061
133.78 35.475 -0.01944 -0.65964 -0.11422 0.96407
133.9 35.436 -0.011417 -0.6665 -0.1147 0.96158
133.74 35.345 0.037486 -0.65533 -0.11398 0.96559
133.96 35.335 -0.0083199 -0.66884 -0.1149 0.9607
133.98 35.499 0.016981 -0.67257 -0.11504 0.95928
133.67 35.286 0.0028096 -0.64987 -0.11361 0.96745
133.87 35.307 0.01106 -0.66314 -0.11454 0.96281
133.83 35.336 0.035514 -0.66112 -0.11439 0.96354
133.88 35.394 0.040419 -0.66467 -0.1146 0.96225
133.97 35.457 0.015236 -0.67112 -0.11498 0.95983
133.75 35.42 -0.020978 -0.65691 -0.11406 0.96504
133.74 35.356 0.046302 -0.65551 -0.11399 0.96552
133.95 35.377 0.019184 -0.66926 -0.11491 0.96054
133.7 35.443 -0.01063 -0.65372 -0.11382 0.96614
133.77 35.41 -0.039863 -0.65804 -0.11414 0.96464
133.8 35.332 0.040621 -0.65906 -0.11425 0.96428
133.74 35.392 -0.0039168 -0.6557 -0.11399 0.96546
133.92 35.302 -0.012611 -0.66593 -0.11473 0.96178
133.92 35.46 -0.0035652 -0.66846 -0.11481 0.96084
133.9 35.337 0.008011 -0.66535 -0.11468 0.962
133.83 35.432 0.008988 -0.6619 -0.1144 0.96326
133.98 35.444 0.02647 -0.67197 -0.11504 0.95951
133.95 35.419 0.048672 -0.66934 -0.11489 0.96051
133.88 35.407 0.0071372 -0.66479 -0.1146 0.96221
133.84 35.393 0.025354 -0.66193 -0.11442 0.96325
133.89 35.407 0.01896 -0.66567 -0.11466 0.96188
133.92 35.332 -0.00096073 -0.66671 -0.11477 0.96149
133.78 35.317 0.022175 -0.65763 -0.11416 0.96478
133.94 35.325 -0.01479 -0.66796 -0.11485 0.96103
133.72 35.408 -0.013079 -0.65488 -0.11392 0.96574
133.71 35.376 0.0092076 -0.65348 -0.11384 0.96623
133.96 35.43 0.025365 -0.67026 -0.11494 0.96016
133.86 35.357 0.022908 -0.66313 -0.11452 0.96281
133.97 35.495 0.013346 -0.67177 -0.115 0.95959
133.88 35.451 0.012933 -0.66586 -0.11465 0.96181
133.89 35.467 -0.0036277 -0.66629 -0.11467 0.96165
133.92 35.458 -0.012143 -0.66852 -0.11482 0.96082
133.87 35.304 0.0107 -0.66309 -0.11454 0.96282
133.77 35.393 0.0013697 -0.65758 -0.11412 0.9648
133.92 35.459 -0.0035777 -0.66812 -0.11479 0.96097
133.7 35.388 -0.020757 -0.65307 -0.1138 0.96637
133.68 35.307 -0.011495 -0.65037 -0.11364 0.96728
133.84 35.399 0.017702 -0.66224 -0.11444 0.96314
133.8 35.338 0.053492 -0.65866 -0.11422 0.96442
133.9 35.382 0.036445 -0.66622 -0.11471 0.96168
133.79 35.312 0.026967 -0.65788 -0.11418 0.96469
133.76 35.442 -0.052294 -0.6577 -0.1141 0.96476
133.85 35.489 -0.0021969 -0.66393 -0.1145 0.96252
133.95 35.494 0.015981 -0.67078 -0.11494 0.95997
133.89 35.386 0.033053 -0.66548 -0.11466 0.96195
133.76 35.299 0.016752 -0.65574 -0.11404 0.96544
133.95 35.481 0.013794 -0.67018 -0.11491 0.96019
133.92 35.285 -0.0077776 -0.66591 -0.11474 0.96179
133.88 35.292 -0.0017676 -0.66338 -0.11457 0.96272
133.67 35.464 -0.033196 -0.65231 -0.11371 0.96663
133.97 35.444 0.020366 -0.67144 -0.115 0.95971
133.71 35.422 -0.024971 -0.65425 -0.11387 0.96596
133.71 35.45 -0.029393 -0.65449 -0.11387 0.96588
133.86 35.405 0.027246 -0.66354 -0.11452 0.96266
133.76 35.449 -0.050941 -0.65772 -0.1141 0.96475
133.97 35.287 -0.01481 -0.66888 -0.11493 0.96068
133.79 35.301 0.026044 -0.65772 -0.11417 0.96475
133.67 35.452 -0.0083434 -0.65194 -0.11369 0.96675
133.75 35.432 -0.039874 -0.65694 -0.11406 0.96503
133.78 35.454 -0.042055 -0.65948 -0.11422 0.96413
133.9 35.312 -0.0060555 -0.66519 -0.11468 0.96206
133.88 35.31 -0.0059457 -0.66341 -0.11456 0.96271
133.72 35.485 -0.035518 -0.6558 -0.11395 0.96542
133.8 35.474 -0.0027387 -0.66103 -0.11432 0.96357
133.95 35.424 0.046749 -0.66993 -0.11492 0.96029
133.71 35.464 -0.023283 -0.6545 -0.11387 0.96588
133.85 35.487 -0.0043658 -0.66404 -0.11451 0.96249
133.88 35.491 -0.003362 -0.66641 -0.11466 0.96161
133.94 35.455 0.0026347 -0.66966 -0.11489 0.96039
133.78 35.484 -0.011691 -0.65983 -0.11423 0.96401
133.85 35.312 0.028425 -0.66209 -0.11447 0.96319
133.92 35.3 -0.012188 -0.66593 -0.11473 0.96178
133.82 35.367 0.081632 -0.66077 -0.11435 0.96367
133.77 35.399 -0.010717 -0.65762 -0.11412 0.96478
133.89 35.488 -0.0035866 -0.66649 -0.11467 0.96158
133.86 35.461 0.0067803 -0.66429 -0.11454 0.96239
133.76 35.498 -0.027055 -0.65841 -0.11413 0.96451
133.77 35.312 0.031267 -0.65634 -0.11407 0.96523
133.68 35.31 -0.0032135 -0.65063 -0.11366 0.96719
133.86 35.331 0.0084902 -0.66266 -0.1145 0.96298
133.82 35.417 -0.051296 -0.66104 -0.11435 0.96357
133.99 35.419 0.0031235 -0.67221 -0.11506 0.95942
133.78 35.401 -0.016543 -0.65832 -0.11417 0.96454
133.94 35.369 0.029967 -0.66862 -0.11487 0.96078
133.73 35.38 0.010618 -0.65508 -0.11395 0.96567
133.82 35.34 0.044387 -0.66033 -0.11434 0.96382
133.92 35.291 -0.014606 -0.66582 -0.11473 0.96182
133.76 35.324 0.052688 -0.65584 -0.11403 0.96541
133.94 35.462 0.0014566 -0.66929 -0.11486 0.96053
133.79 35.358 0.058567 -0.6584 -0.11419 0.96451
133.99 35.481 0.0046046 -0.67323 -0.11509 0.95903
133.87 35.373 0.03284 -0.6638 -0.11455 0.96257
133.79 35.282 -0.0038533 -0.65733 -0.11416 0.96488
133.79 35.42 -0.057509 -0.65918 -0.11422 0.96424
133.98 35.311 0.011052 -0.6703 -0.11501 0.96014
133.87 35.394 0.038685 -0.66412 -0.11456 0.96245
133.9 35.475 -0.0010839 -0.6673 -0.11473 0.96128
133.91 35.417 0.017909 -0.6671 -0.11475 0.96135
133.89 35.306 -0.0094462 -0.66455 -0.11464 0.96229
133.9 35.416 0.021941 -0.6667 -0.11472 0.9615
133.8 35.453 -0.039678 -0.6602 -0.11427 0.96387
133.99 35.316 -0.0063532 -0.67063 -0.11502 0.96002
133.84 35.334 0.031061 -0.66117 -0.1144 0.96352
133.97 35.333 0.00031152 -0.66999 -0.11497 0.96026
133.86 35.386 0.023602 -0.66342 -0.11452 0.96271
133.98 35.47 0.0047792 -0.67242 -0.11505 0.95934
133.93 35.306 -0.011038 -0.66696 -0.1148 0.9614
133.77 35.323 0.033072 -0.6565 -0.11408 0.96518
133.89 35.37 0.032792 -0.66485 -0.11462 0.96218
133.86 35.465 0.0053014 -0.66476 -0.11457 0.96222
133.96 35.3 -0.0052269 -0.66869 -0.11491 0.96075
133.89 35.351 0.025795 -0.66464 -0.11462 0.96226
133.93 35.325 -0.021282 -0.66729 -0.11481 0.96128
133.82 35.308 0.018355 -0.66009 -0.11434 0.96391
133.88 35.386 0.045222 -0.66492 -0.11462 0.96216
133.86 35.285 -0.0016453 -0.66189 -0.11447 0.96326
133.72 35.33 -0.015213 -0.65337 -0.11385 0.96626
133.86 35.329 0.020219 -0.66262 -0.1145 0.963
133.97 35.37 0.031932 -0.6703 -0.11497 0.96015
133.81 35.328 0.043011 -0.65926 -0.11427 0.9642
133.89 35.302 -0.010111 -0.66393 -0.1146 0.96252
133.83 35.46 0.010343 -0.66267 -0.11443 0.96298
133.76 35.469 -0.032677 -0.65839 -0.11414 0.96452
133.67 35.299 0.0088553 -0.64994 -0.11361 0.96743
133.86 35.441 0.028314 -0.66402 -0.11453 0.96249
133.71 35.372 0.015835 -0.65335 -0.11383 0.96627
133.75 35.427 -0.033599 -0.65669 -0.11404 0.96511
133.7 35.486 -0.029992 -0.65458 -0.11386 0.96585
133.95 35.491 0.023965 -0.67075 -0.11494 0.95998
133.83 35.402 -0.0080773 -0.662 -0.11442 0.96322
133.8 35.436 -0.047572 -0.66044 -0.1143 0.96379
133.68 35.403 0.0051736 -0.65179 -0.1137 0.9668
133.85 35.433 0.032076 -0.66336 -0.11449 0.96273
133.77 35.497 -0.022422 -0.65912 -0.11418 0.96426
133.95 35.409 0.043695 -0.66969 -0.11492 0.96038
133.9 35.424 0.0070893 -0.66681 -0.11472 0.96146
133.72 35.379 0.0071183 -0.6542 -0.11389 0.96598
133.78 35.289 0.024533 -0.65713 -0.11414 0.96496
133.83 35.365 0.059866 -0.66135 -0.11439 0.96346
133.7 35.379 -0.0013177 -0.65294 -0.1138 0.96641
133.72 35.375 0.0091092 -0.65423 -0.11389 0.96597
133.97 35.491 0.015503 -0.67202 -0.11501 0.95949
133.77 35.49 -0.027733 -0.65875 -0.11415 0.96439
133.78 35.476 -0.018282 -0.65938 -0.1142 0.96416
133.99 35.332 -0.0069392 -0.67071 -0.11502 0.95999
133.89 35.435 -0.011171 -0.66575 -0.11465 0.96185
133.75 35.439 -0.055574 -0.65703 -0.11406 0.96499
133.92 35.341 0.0062901 -0.66662 -0.11476 0.96153
133.91 35.293 -0.016449 -0.66569 -0.11472 0.96187
133.82 35.498 0.0019269 -0.66261 -0.11441 0.963
133.88 35.33 0.014197 -0.66428 -0.11461 0.96239
133.69 35.295 0.015505 -0.65131 -0.11371 0.96696
133.69 35.496 -0.026149 -0.65401 -0.11382 0.96605
133.76 35.499 -0.029395 -0.65875 -0.11415 0.96439
133.78 35.381 0.034635 -0.65851 -0.11419 0.96447
133.99 35.382 0.00209 -0.67154 -0.11504 0.95967
133.85 35.465 0.012547 -0.66355 -0.11449 0.96266
133.83 35.45 0.0090576 -0.66219 -0.11441 0.96316
133.71 35.304 0.0083777 -0.65253 -0.1138 0.96655
133.92 35.319 -0.01196 -0.6661 -0.11473 0.96172
133.72 35.416 -0.028172 -0.6547 -0.11391 0.9658
133.84 35.487 -0.0010358 -0.6636 -0.11448 0.96264
133.91 35.488 -0.0017579 -0.66805 -0.11477 0.961
133.93 35.407 0.029895 -0.66822 -0.11482 0.96093
133.92 35.434 0.011121 -0.6677 -0.11478 0.96113
133.74 35.313 0.00031423 -0.65432 -0.11393 0.96593
133.95 35.48 0.021479 -0.67067 -0.11494 0.96001
133.72 35.302 0.01757 -0.65341 -0.11387 0.96625
133.73 35.385 0.0024196 -0.65508 -0.11395 0.96567
133.84 35.45 0.022578 -0.66289 -0.11445 0.9629
133.75 35.293 0.011249 -0.65511 -0.11399 0.96566
133.72 35.38 0.0045982 -0.65416 -0.11388 0.96599
133.73 35.423 -0.030123 -0.65525 -0.11394 0.96561
133.99 35.302 0.0071968 -0.67086 -0.11505 0.95993
133.7 35.31 0.010265 -0.65183 -0.11375 0.96679
133.85 35.291 0.011194 -0.66184 -0.11446 0.96328
133.77 35.328 0.02088 -0.65686 -0.1141 0.96505
133.81 35.353 0.0626 -0.66002 -0.11431 0.96393
133.71 35.34 0.014581 -0.65313 -0.11383 0.96634
133.92 35.432 0.001205 -0.66781 -0.11478 0.96109
133.85 35.426 0.038196 -0.66305 -0.11448 0.96284
133.93 35.479 -0.0054751 -0.66918 -0.11485 0.96057
133.92 35.456 -0.0035105 -0.66795 -0.11478 0.96104
133.7 35.499 -0.025893 -0.65485 -0.11388 0.96576
133.71 35.495 -0.028059 -0.65539 -0.11392 0.96557
133.74 35.413 -0.016652 -0.65603 -0.114 0.96534
133.78 35.475 -0.02147 -0.65936 -0.1142 0.96417
133.91 35.331 0.00038583 -0.66569 -0.1147 0.96187
133.68 35.366 0.014671 -0.65145 -0.11369 0.96692
133.99 35.474 -0.0040191 -0.67294 -0.11508 0.95914
133.78 35.304 0.035738 -0.65703 -0.11412 0.96499
133.91 35.418 0.020077 -0.66727 -0.11476 0.96129
133.7 35.357 0.037394 -0.65282 -0.1138 0.96645
133.77 35.355 0.059034 -0.65735 -0.11412 0.96488
133.82 35.455 0.0072628 -0.66212 -0.1144 0.96318
133.82 35.391 0.0014857 -0.66103 -0.11436 0.96357
133.68 35.374 0.0046659 -0.65171 -0.11371 0.96683
133.98 35.484 -0.0040879 -0.67234 -0.11504 0.95937
133.91 35.321 -0.0034612 -0.66555 -0.1147 0.96192
133.72 35.38 0.0069938 -0.654 -0.11387 0.96605
133.79 35.469 -0.01986 -0.66 -0.11425 0.96395
133.93 35.47 -0.0051517 -0.66892 -0.11483 0.96067
133.87 35.338 0.0067814 -0.66336 -0.11454 0.96273
133.95 35.319 -0.0098665 -0.66808 -0.11486 0.96098
133.95 35.285 -0.0061999 -0.66776 -0.11486 0.9611
133.82 35.471 0.0046553 -0.66231 -0.11441 0.96311
133.68 35.473 -0.024412 -0.65313 -0.11377 0.96635
133.79 35.329 0.0059771 -0.65841 -0.11421 0.96451
133.71 35.437 -0.031879 -0.65449 -0.11388 0.96588
133.91 35.466 -0.010495 -0.668 -0.11478 0.96102
133.85 35.417 0.0084581 -0.66351 -0.11451 0.96267
133.85 35.353 0.019995 -0.66252 -0.11448 0.96303
133.85 35.424 0.02449 -0.66338 -0.1145 0.96272
133.91 35.358 0.024088 -0.66639 -0.11473 0.96161
133.85 35.363 0.033858 -0.66263 -0.11448 0.96299
133.86 35.472 0.0052464 -0.66473 -0.11456 0.96223
133.88 35.358 0.022907 -0.66437 -0.1146 0.96236
133.89 35.468 -0.0035137 -0.66621 -0.11466 0.96168
133.7 35.296 0.019891 -0.65195 -0.11376 0.96675
133.97 35.492 0.017224 -0.67194 -0.11501 0.95953
133.98 35.288 0.0061121 -0.67004 -0.115 0.96024
133.83 35.42 0.0026138 -0.66216 -0.11442 0.96317
133.84 35.357 0.0083337 -0.66209 -0.11445 0.96319
133.75 35.287 0.0026056 -0.65483 -0.11398 0.96576
133.89 35.306 -0.011014 -0.66454 -0.11464 0.96229
133.93 35.357 0.021668 -0.66773 -0.11482 0.96112
134 35.461 0.023502 -0.67328 -0.11511 0.95901
133.92 35.401 0.040772 -0.6672 -0.11476 0.96131
133.84 35.333 0.038192 -0.66115 -0.1144 0.96353
133.8 35.424 -0.050188 -0.65989 -0.11427 0.96398
133.89 35.362 0.031976 -0.66497 -0.11464 0.96214
133.81 35.304 0.039555 -0.65888 -0.11425 0.96434
133.88 35.288 -0.00175 -0.66332 -0.11457 0.96274
133.94 35.29 -0.0058888 -0.66718 -0.11482 0.96132
133.68 35.455 -0.012801 -0.65256 -0.11373 0.96654
133.89 35.292 -0.010447 -0.66444 -0.11464 0.96233
133.88 35.496 -0.0094508 -0.66623 -0.11465 0.96168
133.91 35.346 0.0067076 -0.66607 -0.11472 0.96173
133.8 35.298 0.01866 -0.65856 -0.11423 0.96445
133.7 35.299 0.007965 -0.65192 -0.11376 0.96676
133.75 35.47 -0.034891 -0.65766 -0.11409 0.96477
133.92 35.34 0.0012125 -0.667 -0.11478 0.96138
133.89 35.406 0.024451 -0.66544 -0.11465 0.96197
133.89 35.44 -0.020392 -0.66633 -0.11468 0.96164
134 35.403 0.051146 -0.67245 -0.11509 0.95933
133.96 35.468 0.020154 -0.67074 -0.11495 0.95998
133.67 35.385 0.008154 -0.65109 -0.11366 0.96704
133.75 35.469 -0.03029 -0.65764 -0.11409 0.96478
133.85 35.371 0.012706 -0.66293 -0.1145 0.96289
133.86 35.335 -0.0022392 -0.66289 -0.11451 0.9629
133.72 35.477 -0.031113 -0.65541 -0.11393 0.96556
133.74 35.482 -0.026651 -0.65679 -0.11402 0.96508
133.95 35.464 0.012427 -0.67034 -0.11493 0.96013
133.79 35.306 0.037753 -0.65813 -0.1142 0.9646
133.76 35.446 -0.050029 -0.65759 -0.1141 0.9648
133.9 35.304 -0.012492 -0.66474 -0.11465 0.96222
133.92 35.405 0.010453 -0.66783 -0.1148 0.96108
133.92 35.282 -0.014913 -0.6661 -0.11475 0.96172
133.75 35.455 -0.039305 -0.65707 -0.11405 0.96498
133.75 35.447 -0.050873 -0.65731 -0.11408 0.9649
133.74 35.284 0.033007 -0.65444 -0.11395 0.96589
133.74 35.281 0.028872 -0.6545 -0.11395 0.96587
133.81 35.481 -0.0023878 -0.66125 -0.11433 0.9635
133.9 35.399 0.034718 -0.66598 -0.11468 0.96177
133.83 35.362 0.061736 -0.6611 -0.11438 0.96355
133.9 35.4 0.027692 -0.66594 -0.11468 0.96178
133.74 35.317 0.014694 -0.65449 -0.11394 0.96588
133.92 35.3 -0.010145 -0.66629 -0.11476 0.96165
133.75 35.295 0.013971 -0.65476 -0.11397 0.96578
133.83 35.421 -0.042138 -0.66171 -0.11439 0.96333
133.94 35.314 -0.013261 -0.66749 -0.11483 0.9612
133.86 35.387 0.030894 -0.66353 -0.11453 0.96267
133.67 35.479 -0.028352 -0.65252 -0.11372 0.96656
133.77 35.4 -0.012783 -0.65765 -0.11412 0.96477
133.87 35.342 0.0054053 -0.66382 -0.11457 0.96256
133.99 35.348 -0.019857 -0.67144 -0.11506 0.95971
133.78 35.452 -0.048358 -0.659 -0.11419 0.9643
133.81 35.414 -0.043243 -0.66035 -0.1143 0.96382
133.99 35.289 0.0036151 -0.6704 -0.11502 0.9601
133.91 35.41 0.037377 -0.66708 -0.11475 0.96136
133.78 35.476 -0.022694 -0.65972 -0.11423 0.96404
133.93 35.445 0.0064682 -0.66857 -0.11483 0.9608
133.89 35.368 0.039385 -0.66486 -0.11463 0.96218
133.94 35.49 -0.0047294 -0.6698 -0.11488 0.96034
133.79 35.3 0.017686 -0.65753 -0.11416 0.96481
133.71 35.477 -0.031821 -0.6552 -0.11391 0.96563
133.84 35.493 -0.0072569 -0.66352 -0.11447 0.96267
133.8 35.383 0.031513 -0.65938 -0.11425 0.96416
133.79 35.345 0.041343 -0.65813 -0.11418 0.9646
133.9 35.396 0.031708 -0.666 -0.11469 0.96176
133.87 35.461 0.0011095 -0.66488 -0.11458 0.96217
134 35.447 0.04115 -0.67284 -0.11509 0.95918
133.89 35.359 0.024354 -0.66504 -0.11464 0.96211
133.7 35.367 0.023562 -0.65279 -0.11379 0.96646
133.75 35.302 0.030637 -0.6549 -0.11397 0.96573
133.74 35.375 0.023304 -0.65531 -0.11397 0.9656
133.94 35.321 -0.012373 -0.668 -0.11485 0.96101
133.85 35.421 0.018747 -0.66303 -0.11448 0.96285
133.88 35.338 0.018429 -0.66399 -0.11458 0.9625
133.74 35.441 -0.058853 -0.65667 -0.11403 0.96512
133.78 35.418 -0.056616 -0.65885 -0.1142 0.96435
133.99 35.483 0.0067049 -0.67312 -0.11508 0.95907
133.9 35.417 0.016993 -0.66657 -0.11471 0.96155
133.69 35.326 0.0017124 -0.6516 -0.11372 0.96686
133.88 35.426 0.0053455 -0.66504 -0.11461 0.96211
133.98 35.374 -0.0050574 -0.67064 -0.11499 0.96001
133.85 35.458 0.011645 -0.664 -0.11452 0.9625
133.79 35.402 -0.011161 -0.65929 -0.11423 0.9642
133.88 35.316 -0.013497 -0.6641 -0.1146 0.96246
133.95 35.304 -0.011094 -0.66796 -0.11486 0.96102
133.73 35.318 -0.013327 -0.65431 -0.11392 0.96594
133.77 35.292 0.014721 -0.65603 -0.11406 0.96534
133.99 35.317 0.017942 -0.67105 -0.11505 0.95986
133.72 35.438 -0.031925 -0.65473 -0.1139 0.9658
133.69 35.379 0.011423 -0.65253 -0.11377 0.96655
133.83 35.343 0.050671 -0.66062 -0.11436 0.96372
133.81 35.34 0.042559 -0.65988 -0.11431 0.96398
133.81 35.411 -0.040801 -0.66078 -0.11433 0.96366
133.95 35.421 0.063838 -0.66952 -0.1149 0.96044
133.77 35.399 -0.0083662 -0.65797 -0.11414 0.96466
133.86 35.281 -0.0044159 -0.66181 -0.11447 0.96329
133.72 35.37 0.0071875 -0.6539 -0.11387 0.96608
133.95 35.499 -0.0046417 -0.67072 -0.11493 0.95999
133.9 35.428 0.004775 -0.66666 -0.11471 0.96151
133.97 35.479 0.017512 -0.67183 -0.11501 0.95956
133.91 35.321 -0.0048711 -0.6657 -0.11471 0.96187
133.74 35.389 -0.0018608 -0.65555 -0.11398 0.96551
133.88 35.38 0.041062 -0.66459 -0.1146 0.96228
133.91 35.464 -0.0065226 -0.66798 -0.11478 0.96102
133.96 35.496 0.0097717 -0.67144 -0.11498 0.95971
133.93 35.416 0.017824 -0.66819 -0.11482 0.96094
133.92 35.401 0.025214 -0.66772 -0.11479 0.96112
133.71 35.296 0.029912 -0.65263 -0.11381 0.96651
133.9 35.372 0.03156 -0.66609 -0.1147 0.96172
133.89 35.431 -0.012258 -0.66583 -0.11466 0.96182
133.93 35.474 0.0055157 -0.66911 -0.11484 0.9606
133.73 35.491 -0.031651 -0.65644 -0.11399 0.9652
133.92 35.47 -0.018302 -0.66812 -0.11478 0.96097
133.88 35.421 0.008781 -0.6655 -0.11464 0.96195
133.72 35.371 0.0095094 -0.65387 -0.11387 0.96609
133.87 35.393 0.03834 -0.66438 -0.11458 0.96235
133.74 35.384 0.0045732 -0.65528 -0.11396 0.9656
133.79 35.321 -0.0033338 -0.65836 -0.11421 0.96452
133.94 35.287 -0.0090528 -0.66733 -0.11483 0.96126
133.68 35.378 -0.008457 -0.65171 -0.11371 0.96683
133.7 35.465 -0.019048 -0.65389 -0.11382 0.96609
133.95 35.45 0.028649 -0.67031 -0.11493 0.96014
133.89 35.454 0.011148 -0.66625 -0.11467 0.96167
133.72 35.46 -0.036672 -0.65542 -0.11394 0.96556
133.73 35.395 -0.011693 -0.65534 -0.11396 0.96559
133.71 35.411 -0.031908 -0.65388 -0.11385 0.96609
133.68 35.445 -0.0047176 -0.65241 -0.11373 0.96659
133.92 35.318 -0.013385 -0.66669 -0.11477 0.9615
133.8 35.48 -0.018916 -0.66067 -0.11429 0.9637
133.76 35.494 -0.026735 -0.65849 -0.11413 0.96448
133.84 35.332 0.030234 -0.66125 -0.1144 0.96349
133.81 35.438 -0.025846 -0.66096 -0.11433 0.9636
133.87 35.414 0.0099432 -0.66446 -0.11458 0.96233
133.7 35.466 -0.02398 -0.65444 -0.11386 0.9659
133.86 35.423 0.016475 -0.66401 -0.11454 0.96249
133.78 35.425 -0.061081 -0.65886 -0.11419 0.96435
133.92 35.377 0.031157 -0.66693 -0.11476 0.96141
133.75 35.293 0.019613 -0.65472 -0.11397 0.9658
133.9 35.484 -0.0056052 -0.66757 -0.11474 0.96118
133.87 35.363 0.028945 -0.66403 -0.11457 0.96248
133.76 35.494 -0.024633 -0.65866 -0.11415 0.96442
133.71 35.333 0.02556 -0.65308 -0.11383 0.96636
133.67 35.444 -0.0016189 -0.65215 -0.11371 0.96668
133.7 35.403 -0.027243 -0.65325 -0.11381 0.96631
133.68 35.441 -0.00056569 -0.65239 -0.11373 0.9666
133.68 35.422 -0.0064954 -0.65231 -0.11373 0.96663
133.9 35.282 -0.0091122 -0.66473 -0.11466 0.96222
133.94 35.381 0.038138 -0.66873 -0.11487 0.96074
133.77 35.432 -0.058715 -0.65812 -0.11414 0.96461
133.84 35.434 0.012785 -0.66258 -0.11444 0.96301
133.86 35.474 0.0024794 -0.6647 -0.11456 0.96224
133.79 35.469 -0.025528 -0.66014 -0.11426 0.96389
133.95 35.295 -0.0089743 -0.66813 -0.11488 0.96096
133.74 35.315 -0.00075572 -0.65484 -0.11396 0.96575
133.8 35.465 -0.0056778 -0.66095 -0.11432 0.9636
133.88 35.411 0.025469 -0.66508 -0.11462 0.9621
133.92 35.359 0.027638 -0.66694 -0.11477 0.96141
133.93 35.378 0.032812 -0.66754 -0.1148 0.96119
133.99 35.393 0.044513 -0.67161 -0.11504 0.95964
133.94 35.321 -0.014721 -0.66746 -0.11482 0.96121
133.68 35.481 -0.02631 -0.65332 -0.11378 0.96629
133.88 35.283 -0.0047142 -0.66316 -0.11456 0.9628
133.87 35.345 0.011607 -0.6637 -0.11456 0.96261
133.89 35.357 0.03301 -0.66519 -0.11465 0.96206
133.75 35.454 -0.052257 -0.65712 -0.11406 0.96496
133.97 35.387 0.040318 -0.67044 -0.11497 0.96009
133.88 35.284 -0.0018833 -0.66332 -0.11457 0.96274
133.88 35.446 0.01455 -0.66559 -0.11463 0.96191
133.94 35.348 0.015253 -0.66809 -0.11485 0.96098
133.98 35.485 -0.0046951 -0.67261 -0.11505 0.95927
133.75 35.449 -0.050564 -0.65742 -0.11408 0.96486
133.74 35.451 -0.046379 -0.65681 -0.11404 0.96507
133.95 35.291 -0.0073342 -0.66779 -0.11486 0.96109
133.86 35.408 0.023307 -0.66381 -0.11454 0.96257
133.75 35.283 0.019775 -0.65465 -0.11396 0.96582
133.87 35.367 0.023522 -0.66354 -0.11454 0.96266
133.86 35.35 0.0065402 -0.66323 -0.11453 0.96277
133.76 35.457 -0.042181 -0.65813 -0.11413 0.96461
133.72 35.462 -0.035387 -0.65524 -0.11392 0.96562
133.85 35.491 -0.0037712 -0.66417 -0.11452 0.96243
133.67 35.303 0.0037361 -0.65017 -0.11363 0.96735
133.9 35.372 0.031126 -0.66582 -0.11469 0.96182
133.87 35.343 0.0097851 -0.66373 -0.11456 0.96259
133.7 35.477 -0.028215 -0.65405 -0.11383 0.96603
133.75 35.319 0.036412 -0.65551 -0.11401 0.96552
133.67 35.363 0.0096861 -0.65083 -0.11365 0.96713
133.67 35.464 -0.022377 -0.65218 -0.1137 0.96667
133.93 35.335 0.0096771 -0.66752 -0.11482 0.96119
133.7 35.465 -0.018444 -0.654 -0.11383 0.96605
133.79 35.461 -0.03396 -0.65966 -0.11423 0.96406
133.89 35.303 -0.0061848 -0.66439 -0.11463 0.96235
133.83 35.283 0.017599 -0.66036 -0.11437 0.96381
133.83 35.44 0.02621 -0.6623 -0.11442 0.96311
133.67 35.488 -0.025471 -0.65274 -0.11373 0.96648
133.68 35.34 0.055272 -0.65114 -0.11368 0.96702
133.74 35.499 -0.031464 -0.65746 -0.11406 0.96485
133.9 35.465 -0.0024422 -0.66718 -0.11473 0.96132
133.99 35.471 0.012625 -0.67297 -0.11508 0.95913
133.71 35.326 -0.0037134 -0.65297 -0.11382 0.9664
133.68 35.46 -0.018136 -0.65266 -0.11374 0.96651
133.93 35.384 0.032016 -0.66765 -0.1148 0.96114
133.84 35.432 0.013363 -0.66281 -0.11446 0.96293
133.76 35.455 -0.048868 -0.65806 -0.11412 0.96463
133.97 35.295 -0.0058739 -0.66916 -0.11494 0.96057
133.85 35.463 0.014947 -0.6637 -0.1145 0.96261
133.72 35.476 -0.030811 -0.65557 -0.11394 0.96551
133.83 35.433 0.016597 -0.66186 -0.11439 0.96328
133.69 35.355 0.019862 -0.65205 -0.11374 0.96671
133.91 35.324 -0.0043982 -0.6658 -0.11471 0.96183
133.77 35.433 -0.060259 -0.65839 -0.11416 0.96451
133.9 35.476 -0.0040564 -0.66697 -0.11471 0.9614
133.82 35.477 0.0033605 -0.66207 -0.11439 0.9632
133.79 35.421 -0.053804 -0.65968 -0.11425 0.96406
133.81 35.445 -0.030835 -0.66073 -0.11431 0.96368
133.88 35.367 0.047956 -0.66455 -0.11461 0.96229
133.7 35.456 -0.020172 -0.65408 -0.11384 0.96602
133.93 35.286 -0.0068114 -0.66692 -0.1148 0.96141
133.73 35.35 0.026549 -0.6542 -0.1139 0.96598
133.94 35.321 -0.010119 -0.66791 -0.11485 0.96105
133.71 35.41 -0.032037 -0.65416 -0.11387 0.96599
133.74 35.388 0.0017314 -0.65571 -0.11399 0.96546
133.76 35.491 -0.023824 -0.65861 -0.11414 0.96444
133.83 35.359 0.062373 -0.66087 -0.11436 0.96363
133.95 35.406 0.038307 -0.66931 -0.11489 0.96052
133.83 35.339 0.054879 -0.66111 -0.11439 0.96354
133.99 35.326 0.0227 -0.67063 -0.11502 0.96002
133.95 35.364 0.047284 -0.66901 -0.1149 0.96063
134 35.463 0.024482 -0.67302 -0.11509 0.95911
133.74 35.492 -0.028705 -0.65698 -0.11403 0.96501
134 35.293 0.013331 -0.67088 -0.11505 0.95992
133.95 35.394 0.014294 -0.66927 -0.1149 0.96054
133.72 35.471 -0.033805 -0.65564 -0.11395 0.96548
133.76 35.392 0.0015182 -0.65732 -0.1141 0.96489
133.75 35.334 0.029893 -0.65586 -0.11403 0.9654
133.9 35.402 0.029866 -0.66595 -0.11468 0.96178
133.91 35.411 0.027054 -0.66712 -0.11475 0.96134
133.85 35.312 0.02989 -0.66204 -0.11447 0.9632
133.95 35.444 0.034846 -0.67013 -0.11492 0.96021
133.71 35.37 0.010587 -0.65349 -0.11384 0.96622
133.79 35.363 0.04994 -0.65849 -0.1142 0.96448
133.92 35.327 -0.0071703 -0.66658 -0.11476 0.96154
133.91 35.31 -0.01289 -0.66574 -0.11471 0.96185
133.81 35.468 -0.0036544 -0.66147 -0.11435 0.96342
133.78 35.49 -0.0045708 -0.6598 -0.11423 0.96402
133.92 35.334 0.0067797 -0.6668 -0.11477 0.96146
133.76 35.499 -0.030673 -0.65831 -0.11412 0.96455
133.82 35.341 0.052047 -0.66005 -0.11432 0.96392
133.77 35.395 -0.0035575 -0.65795 -0.11414 0.96467
133.99 35.458 0.030956 -0.67246 -0.11506 0.95932
133.87 35.296 0.0020122 -0.66317 -0.11455 0.9628
133.89 35.472 -0.007732 -0.66658 -0.11468 0.96155
133.73 35.362 0.039012 -0.65486 -0.11394 0.96575
133.95 35.284 -0.014242 -0.66806 -0.11488 0.96099
133.77 35.284 0.014164 -0.65645 -0.11409 0.9652
133.96 35.477 0.023135 -0.67072 -0.11494 0.95999
133.72 35.388 -0.0061066 -0.65418 -0.11388 0.96598
133.84 35.312 0.047742 -0.66097 -0.11439 0.96359
133.71 35.475 -0.02941 -0.6547 -0.11388 0.96581
133.83 35.463 0.010744 -0.6627 -0.11444 0.96297
133.86 35.442 0.0087826 -0.66447 -0.11456 0.96232
133.87 35.47 -0.00025531 -0.66508 -0.11459 0.9621
133.9 35.42 0.010655 -0.66654 -0.11471 0.96156
133.74 35.406 -0.013246 -0.65607 -0.11401 0.96533
133.92 35.311 -0.016814 -0.66607 -0.11474 0.96173
133.87 35.282 -0.0064861 -0.66274 -0.11453 0.96295
133.9 35.337 0.010168 -0.66544 -0.11468 0.96196
133.8 35.467 -0.015478 -0.6608 -0.11431 0.96366
133.93 35.397 0.035097 -0.66808 -0.11482 0.96098
133.67 35.333 0.015091 -0.65045 -0.11363 0.96726
133.97 35.426 0.038323 -0.67087 -0.11498 0.95993
133.99 35.488 -0.0041109 -0.67296 -0.11507 0.95913
133.86 35.427 0.017671 -0.66407 -0.11454 0.96247
134 35.422 0.035831 -0.67252 -0.11508 0.9593
133.74 35.389 -0.0013529 -0.65599 -0.11401 0.96536
133.85 35.34 0.024321 -0.66222 -0.11447 0.96314
133.81 35.36 0.049303 -0.65967 -0.11428 0.96406
133.93 35.449 0.0069854 -0.66879 -0.11484 0.96072
133.82 35.494 -1.0804e-08 -0.66253 -0.11441 0.96303
133.89 35.287 -0.0011229 -0.664 -0.11461 0.96249
133.75 35.441 -0.053228 -0.65736 -0.11408 0.96488
133.72 35.333 0.055918 -0.65392 -0.11389 0.96607
133.82 35.321 0.029533 -0.65998 -0.11432 0.96395
133.92 35.49 -0.0049761 -0.66896 -0.11483 0.96065
133.8 35.344 0.04183 -0.65889 -0.11424 0.96433
133.91 35.319 -0.0055816 -0.66571 -0.11471 0.96186
133.92 35.497 -0.0095256 -0.66882 -0.11481 0.96071
133.81 35.379 0.067751 -0.66015 -0.11431 0.96389
133.94 35.292 -0.0062816 -0.6675 -0.11484 0.9612
133.71 35.317 -0.013582 -0.65261 -0.1138 0.96652
133.78 35.395 0.0091492 -0.65829 -0.11417 0.96455
133.92 35.347 0.0095009 -0.66697 -0.11478 0.9614
133.73 35.339 0.032111 -0.65415 -0.1139 0.96599
133.74 35.446 -0.042569 -0.65628 -0.114 0.96526
133.97 35.361 0.027727 -0.67009 -0.11497 0.96022
133.85 35.354 0.011979 -0.66249 -0.11448 0.96305
133.77 35.443 -0.053907 -0.6582 -0.11414 0.96458
133.97 35.349 0.0062064 -0.66988 -0.11496 0.9603
133.85 35.412 0.01091 -0.66305 -0.11448 0.96284
133.7 35.393 -0.0039803 -0.65309 -0.1138 0.96636
133.8 35.368 0.064507 -0.65915 -0.11424 0.96424
133.8 35.376 0.061415 -0.65927 -0.11425 0.9642
133.75 35.304 0.042731 -0.65548 -0.11401 0.96553
133.95 35.304 -0.011355 -0.66831 -0.11488 0.96089
133.83 35.465 0.010208 -0.66264 -0.11443 0.96299
133.94 35.414 0.021443 -0.6692 -0.11488 0.96056
133.69 35.317 0.01529 -0.65153 -0.11372 0.96689
133.74 35.489 -0.028013 -0.65703 -0.11404 0.965
133.94 35.318 -0.02173 -0.66767 -0.11484 0.96114
133.9 35.437 -0.0048994 -0.66676 -0.11471 0.96148
133.99 35.469 0.01057 -0.67252 -0.11506 0.9593
133.81 35.442 -0.040814 -0.6607 -0.11431 0.96369
133.71 35.381 0.010008 -0.65385 -0.11386 0.9661
133.92 35.488 -0.00059225 -0.66852 -0.1148 0.96082
133.94 35.466 -0.0010559 -0.66984 -0.11489 0.96032
133.82 35.448 -0.0023309 -0.66182 -0.11438 0.96329
133.7 35.366 0.025845 -0.65269 -0.11378 0.9665
133.77 35.403 -0.026343 -0.6577 -0.11412 0.96476
133.88 35.34 0.0096322 -0.66434 -0.11461 0.96237
133.87 35.363 0.029336 -0.66394 -0.11457 0.96252
133.97 35.35 0.002653 -0.6698 -0.11495 0.96033
133.89 35.288 -0.0012986 -0.66393 -0.11461 0.96252
133.7 35.438 -0.010855 -0.65355 -0.11381 0.9662
133.75 35.428 -0.036447 -0.65681 -0.11405 0.96507
133.91 35.281 -0.013332 -0.66496 -0.11468 0.96214
133.79 35.482 -0.0071064 -0.65996 -0.11424 0.96396
133.76 35.287 0.018433 -0.65577 -0.11404 0.96543
133.88 35.367 0.040854 -0.66436 -0.11459 0.96236
133.99 35.391 0.0079551 -0.67202 -0.11507 0.95949
133.73 35.435 -0.038347 -0.65585 -0.11398 0.96541
133.68 35.411 -0.0046199 -0.65191 -0.11371 0.96676
133.75 35.343 0.046723 -0.65558 -0.114 0.9655
133.89 35.373 0.031431 -0.66541 -0.11466 0.96198
133.98 35.356 0.011683 -0.67077 -0.11501 0.95997
133.93 35.488 -0.0097089 -0.66952 -0.11486 0.96044
133.91 35.333 -0.00054235 -0.66589 -0.11471 0.9618
133.73 35.432 -0.05147 -0.65592 -0.11399 0.96538
133.89 35.469 -0.0025194 -0.66678 -0.1147 0.96147
133.85 35.348 0.022006 -0.66212 -0.11445 0.96318
133.93 35.495 -0.0095692 -0.66938 -0.11485 0.9605
133.68 35.467 -0.021493 -0.65278 -0.11374 0.96647
133.95 35.335 -0.0073254 -0.66829 -0.11487 0.9609
133.95 35.363 0.043284 -0.66909 -0.1149 0.9606
133.71 35.295 0.030911 -0.65269 -0.11382 0.9665
133.81 35.318 0.042381 -0.65912 -0.11426 0.96425
133.71 35.324 0.014669 -0.65259 -0.1138 0.96653
133.92 35.456 -0.0014838 -0.66802 -0.11478 0.96101
133.7 35.417 -0.0082347 -0.65314 -0.11379 0.96634
133.94 35.456 -0.011456 -0.66946 -0.11488 0.96047
134 35.331 -0.031904 -0.67152 -0.11507 0.95968
133.98 35.379 0.0023098 -0.67091 -0.11501 0.95991
133.89 35.378 0.026819 -0.66531 -0.11465 0.96201
133.93 35.42 0.019737 -0.66849 -0.11483 0.96083
133.97 35.324 0.003244 -0.66951 -0.11495 0.96044
133.81 35.444 -0.026667 -0.6609 -0.11432 0.96362
133.76 35.445 -0.052227 -0.6576 -0.1141 0.96479
133.85 35.287 0.030488 -0.66156 -0.11445 0.96338
133.89 35.446 0.0038855 -0.66648 -0.11469 0.96158
133.9 35.301 -0.011796 -0.66506 -0.11467 0.9621
133.95 35.438 0.024914 -0.66974 -0.1149 0.96036
133.76 35.415 -0.025156 -0.65745 -0.1141 0.96485
133.74 35.347 0.032539 -0.65494 -0.11395 0.96572
133.76 35.34 0.028324 -0.65663 -0.11408 0.96513
133.84 35.427 0.02352 -0.66263 -0.11445 0.963
133.9 35.376 0.020754 -0.66584 -0.11469 0.96182
133.75 35.295 0.014972 -0.65491 -0.11398 0.96573
133.98 35.441 0.014583 -0.67165 -0.11502 0.95963
133.86 35.408 0.017631 -0.66347 -0.11451 0.96269
133.85 35.44 0.024149 -0.66361 -0.11451 0.96264
133.88 35.34 0.014338 -0.66405 -0.11459 0.96248
133.9 35.285 -0.0040728 -0.66437 -0.11464 0.96235
133.9 35.392 0.036482 -0.66577 -0.11467 0.96184
133.87 35.367 0.036805 -0.6637 -0.11455 0.96261
133.89 35.438 -0.0076773 -0.66631 -0.11468 0.96164
133.88 35.397 0.022047 -0.66498 -0.11462 0.96213
133.78 35.452 -0.043824 -0.65941 -0.11422 0.96415
133.8 35.444 -0.043271 -0.66067 -0.11431 0.9637
133.7 35.287 0.014183 -0.6519 -0.11376 0.96676
133.74 35.384 0.0070343 -0.65569 -0.11399 0.96546
133.7 35.405 0.0012051 -0.65313 -0.1138 0.96635
133.72 35.439 -0.030534 -0.65481 -0.1139 0.96577
133.96 35.479 0.024821 -0.67077 -0.11494 0.95997
133.77 35.438 -0.058264 -0.65859 -0.11417 0.96444
133.88 35.302 -0.0070511 -0.66381 -0.11459 0.96256
133.96 35.455 0.020614 -0.67084 -0.11496 0.95994
133.88 35.281 -0.0050854 -0.66359 -0.11459 0.96264
133.93 35.437 0.0043373 -0.66876 -0.11484 0.96073
133.76 35.345 0.052745 -0.6564 -0.11406 0.96521
133.9 35.455 0.0064405 -0.66724 -0.11474 0.9613
133.68 35.354 0.042069 -0.6513 -0.11369 0.96697
133.69 35.415 -0.0046454 -0.65283 -0.11377 0.96645
133.95 35.45 0.0077689 -0.66996 -0.11491 0.96028
133.74 35.365 0.045639 -0.65568 -0.114 0.96546
133.77 35.463 -0.038182 -0.65884 -0.11417 0.96436
133.86 35.314 -0.0036691 -0.66278 -0.11452 0.96294
133.68 35.458 -0.015388 -0.65285 -0.11375 0.96644
133.72 35.486 -0.035135 -0.65543 -0.11392 0.96555
133.94 35.415 0.030385 -0.66917 -0.11488 0.96057
133.85 35.306 0.025079 -0.66201 -0.11447 0.96322
133.96 35.291 -0.0085962 -0.66861 -0.11491 0.96078
133.91 35.351 0.02023 -0.66614 -0.11472 0.96171
133.94 35.402 0.031095 -0.66893 -0.11487 0.96067
133.98 35.342 0.0095203 -0.67055 -0.115 0.96005
133.68 35.481 -0.025641 -0.65277 -0.11374 0.96647
133.89 35.308 -0.012626 -0.66439 -0.11463 0.96235
133.93 35.419 0.015594 -0.66855 -0.11484 0.96081
133.78 35.474 -0.017599 -0.65949 -0.11421 0.96412
133.77 35.482 -0.021644 -0.65921 -0.11419 0.96423
133.68 35.37 0.0075865 -0.65128 -0.11368 0.96697
133.68 35.331 0.0023063 -0.65095 -0.11367 0.96709
133.74 35.451 -0.038266 -0.65632 -0.114 0.96524
133.74 35.499 -0.030631 -0.65731 -0.11405 0.9649
133.96 35.477 0.029749 -0.67082 -0.11495 0.95995
133.85 35.476 -0.0065945 -0.66431 -0.11454 0.96238
133.91 35.413 0.024601 -0.66707 -0.11475 0.96136
133.98 35.302 -0.0016455 -0.6701 -0.115 0.96022
133.69 35.336 0.054099 -0.65162 -0.11372 0.96686
133.73 35.314 -0.006745 -0.65375 -0.11388 0.96613
133.89 35.43 -0.0043248 -0.66578 -0.11465 0.96184
133.69 35.465 -0.016167 -0.65331 -0.11378 0.96629
133.71 35.477 -0.031068 -0.6548 -0.11388 0.96577
133.73 35.47 -0.036208 -0.65632 -0.114 0.96524
133.96 35.349 0.037021 -0.66944 -0.11493 0.96047
133.72 35.312 -0.0035378 -0.65329 -0.11385 0.96629
133.8 35.46 -0.018675 -0.66063 -0.1143 0.96372
133.74 35.43 -0.04443 -0.65633 -0.11401 0.96524
133.98 35.296 0.0028311 -0.66997 -0.11499 0.96027
133.84 35.397 0.021906 -0.66219 -0.11444 0.96315
134 35.317 0.032437 -0.67142 -0.11507 0.95972
133.88 35.495 3.157e-08 -0.66603 -0.11464 0.96175
133.76 35.424 -0.041224 -0.65759 -0.11411 0.9648
133.77 35.4 -0.015612 -0.65779 -0.11413 0.96472
133.84 35.352 0.040557 -0.66152 -0.11441 0.96339
133.91 35.458 -0.0012554 -0.66775 -0.11477 0.96111
133.89 35.474 -0.006732 -0.66681 -0.1147 0.96146
133.69 35.339 0.033969 -0.65182 -0.11373 0.96679
133.73 35.428 -0.036678 -0.6556 -0.11396 0.9655
133.96 35.285 -0.015546 -0.66862 -0.11491 0.96078
133.82 35.461 0.011574 -0.66159 -0.11436 0.96337
133.82 35.445 -0.030229 -0.66146 -0.11436 0.96342
133.74 35.386 0.0040052 -0.65573 -0.11399 0.96545
133.79 35.392 0.022427 -0.65873 -0.1142 0.96439
133.88 35.349 0.019474 -0.66441 -0.11461 0.96234
133.8 35.47 -0.03161 -0.6604 -0.11428 0.9638
133.89 35.452 0.0055964 -0.66633 -0.11468 0.96164
133.74 35.442 -0.043344 -0.65634 -0.11401 0.96523
133.9 35.355 0.025444 -0.66544 -0.11467 0.96196
133.7 35.433 -0.030154 -0.65362 -0.11382 0.96618
133.88 35.302 -0.013231 -0.66393 -0.1146 0.96252
133.92 35.3 -0.01092 -0.66641 -0.11476 0.9616
133.81 35.378 0.069901 -0.65992 -0.11429 0.96397
133.84 35.454 0.022232 -0.66334 -0.11448 0.96274
133.89 35.447 -0.012111 -0.66638 -0.11468 0.96162
133.74 35.5 -0.025861 -0.65708 -0.11403 0.96498
133.81 35.299 0.017529 -0.65923 -0.11428 0.96421
133.73 35.458 -0.035864 -0.6562 -0.11399 0.96528
133.83 35.412 0.0019432 -0.66208 -0.11442 0.96319
133.75 35.374 0.029655 -0.65621 -0.11403 0.96528
133.95 35.37 0.047835 -0.66925 -0.11491 0.96054
133.69 35.294 0.0042229 -0.65086 -0.11368 0.96712
133.77 35.282 0.010479 -0.65628 -0.11408 0.96525
133.77 35.365 0.055181 -0.65715 -0.1141 0.96495
133.74 35.346 0.04186 -0.65532 -0.11398 0.96559
133.94 35.28 -0.014362 -0.66742 -0.11484 0.96123
133.81 35.366 0.055222 -0.66015 -0.11431 0.96389
133.94 35.466 0.0019477 -0.6698 -0.11489 0.96034
133.78 35.368 0.044359 -0.65772 -0.11414 0.96475
133.9 35.445 0.006514 -0.66707 -0.11473 0.96136
133.7 35.491 -0.027949 -0.6543 -0.11384 0.96595
133.87 35.467 0.0039148 -0.66514 -0.11459 0.96208
133.73 35.471 -0.037135 -0.65646 -0.114 0.9652
133.79 35.459 -0.032545 -0.66005 -0.11426 0.96393
133.75 35.417 -0.018833 -0.65703 -0.11407 0.96499
133.78 35.463 -0.039239 -0.6592 -0.1142 0.96423
133.79 35.372 0.068068 -0.65885 -0.11422 0.96435
133.81 35.301 0.02031 -0.65892 -0.11426 0.96432
133.89 35.436 -0.016208 -0.66587 -0.11466 0.96181
133.98 35.339 -0.0013174 -0.67069 -0.11501 0.96
133.92 35.317 -0.012372 -0.66638 -0.11475 0.96161
133.97 35.444 0.028457 -0.67097 -0.11498 0.95989
133.82 35.316 0.027685 -0.65977 -0.11431 0.96402
133.83 35.33 0.038493 -0.66045 -0.11435 0.96378
133.99 35.422 0.040458 -0.6719 -0.11504 0.95954
133.96 35.306 -0.0069271 -0.66867 -0.11491 0.96076
134 35.465 0.022235 -0.67309 -0.11509 0.95908
133.67 35.475 -0.028282 -0.65239 -0.11371 0.9666
133.81 35.423 -0.051471 -0.66064 -0.11432 0.96371
133.94 35.459 0.0066971 -0.66958 -0.11488 0.96042
133.92 35.453 -0.0056509 -0.66789 -0.11478 0.96106
133.85 35.481 0.0043808 -0.66381 -0.1145 0.96257
133.73 35.452 -0.037035 -0.65572 -0.11396 0.96545
133.82 35.36 0.049206 -0.66037 -0.11433 0.96381
133.69 35.476 -0.026252 -0.65356 -0.1138 0.9662
133.87 35.388 0.02859 -0.66384 -0.11455 0.96255
133.82 35.32 0.036327 -0.65997 -0.11432 0.96395
133.84 35.367 0.054814 -0.66188 -0.11443 0.96327
133.74 35.331 0.036283 -0.65474 -0.11395 0.96579
133.75 35.439 -0.053557 -0.65725 -0.11408 0.96492
133.81 35.48 -0.0027214 -0.66132 -0.11433 0.96347
133.96 35.317 -0.0070107 -0.6689 -0.11491 0.96067
133.79 35.341 0.059607 -0.65846 -0.11421 0.96449
133.72 35.288 0.029361 -0.65281 -0.11383 0.96645
133.73 35.493 -0.030281 -0.65636 -0.11399 0.96523
133.71 35.484 -0.034921 -0.65517 -0.11391 0.96565
133.81 35.357 0.06273 -0.65977 -0.11429 0.96402
133.85 35.361 0.026106 -0.66238 -0.11447 0.96309
133.89 35.288 -0.0031274 -0.66428 -0.11463 0.96239
133.89 35.344 0.025572 -0.66488 -0.11464 0.96217
133.75 35.418 -0.0184 -0.65702 -0.11407 0.965
133.7 35.364 0.024783 -0.65268 -0.11378 0.9665
133.76 35.343 0.047314 -0.65631 -0.11406 0.96524
133.92 35.29 -0.013086 -0.66597 -0.11474 0.96177
133.7 35.376 0.0029385 -0.65281 -0.11379 0.96645
133.73 35.352 0.037267 -0.65476 -0.11394 0.96578
133.79 35.409 -0.031045 -0.65944 -0.11424 0.96414
133.9 35.368 0.030868 -0.66584 -0.11469 0.96182
133.94 35.372 0.037681 -0.66826 -0.11484 0.96091
133.77 35.466 -0.03733 -0.65876 -0.11417 0.96438
133.7 35.485 -0.031026 -0.65466 -0.11387 0.96582
133.78 35.483 -0.0095602 -0.6596 -0.11422 0.96409
133.89 35.384 0.033966 -0.66507 -0.11463 0.9621
133.9 35.474 -0.0028655 -0.66727 -0.11473 0.96129
133.77 35.48 -0.022825 -0.65886 -0.11417 0.96435
133.81 35.457 -0.014762 -0.66102 -0.11433 0.96358
133.93 35.311 -0.018087 -0.66693 -0.11479 0.96141
133.86 35.33 0.0057418 -0.66281 -0.11451 0.96293
133.7 35.426 -0.021333 -0.65348 -0.11381 0.96623
133.68 35.315 0.00062332 -0.65037 -0.11364 0.96728
133.76 35.383 0.024748 -0.65711 -0.11409 0.96497
133.72 35.475 -0.030778 -0.65581 -0.11396 0.96542
133.92 35.281 -0.014994 -0.66612 -0.11475 0.96171
133.9 35.341 0.0072575 -0.66555 -0.11469 0.96192
133.71 35.353 0.017163 -0.65344 -0.11384 0.96624
133.89 35.497 -0.0074677 -0.66693 -0.11469 0.96142
133.77 35.409 -0.038516 -0.65824 -0.11416 0.96457
133.78 35.441 -0.059803 -0.65882 -0.11418 0.96436
133.86 35.483 -0.009461 -0.66465 -0.11455 0.96226
133.76 35.3 0.022557 -0.65596 -0.11405 0.96536
133.79 35.372 0.066246 -0.65898 -0.11423 0.9643
133.78 35.463 -0.037534 -0.65919 -0.1142 0.96423
133.91 35.327 -0.0070475 -0.66576 -0.11471 0.96185
133.68 35.282 0.0065236 -0.65019 -0.11364 0.96734
133.87 35.458 -0.0020098 -0.6649 -0.11458 0.96217
133.82 35.43 -0.035072 -0.66119 -0.11435 0.96352
133.93 35.405 0.040558 -0.6681 -0.11482 0.96098
133.94 35.465 0.006806 -0.66952 -0.11487 0.96044
133.98 35.449 0.034268 -0.67176 -0.11502 0.95959
133.92 35.438 0.00034459 -0.66795 -0.11479 0.96103
133.72 35.287 0.026274 -0.65262 -0.11381 0.96652
133.81 35.481 -0.0025794 -0.66138 -0.11434 0.96345
133.86 35.318 0.013138 -0.66226 -0.11448 0.96312
133.84 35.411 0.0084026 -0.66281 -0.11447 0.96293
133.84 35.478 0.0038851 -0.6635 -0.11448 0.96268
133.91 35.417 0.02143 -0.66711 -0.11475 0.96135
133.73 35.359 0.024559 -0.65436 -0.11391 0.96592
133.7 35.407 -0.0062195 -0.65361 -0.11383 0.96618
133.86 35.431 0.017017 -0.6639 -0.11453 0.96253
133.82 35.465 0.0042157 -0.6617 -0.11437 0.96333
133.76 35.454 -0.049432 -0.65818 -0.11413 0.96459
133.96 35.444 0.026382 -0.67089 -0.11497 0.95992
133.75 35.44 -0.053215 -0.65709 -0.11406 0.96498
133.71 35.398 -0.017803 -0.65378 -0.11385 0.96612
133.75 35.315 0.040588 -0.6555 -0.11401 0.96553
133.94 35.478 0.02297 -0.66982 -0.11489 0.96033
133.78 35.33 0.016375 -0.65748 -0.11414 0.96483
133.71 35.284 0.021499 -0.65197 -0.11377 0.96674
133.71 35.331 0.018576 -0.65317 -0.11383 0.96633
133.97 35.324 -0.0038843 -0.66948 -0.11495 0.96046
133.74 35.306 0.043446 -0.6543 -0.11393 0.96594
133.86 35.419 0.010839 -0.66364 -0.11452 0.96263
133.81 35.304 0.060066 -0.65905 -0.11427 0.96428
133.7 35.397 0.0049383 -0.65319 -0.11381 0.96633
133.81 35.462 -0.00060162 -0.66146 -0.11435 0.96342
133.67 35.454 -0.011841 -0.65199 -0.11369 0.96674
133.96 35.346 0.0015879 -0.6693 -0.11492 0.96052
133.79 35.339 0.050992 -0.65832 -0.1142 0.96454
133.77 35.381 0.022491 -0.65771 -0.11413 0.96475
133.93 35.453 0.0019188 -0.66908 -0.11485 0.96061
133.8 35.288 0.020584 -0.65815 -0.11421 0.96459
133.71 35.451 -0.031514 -0.65459 -0.11388 0.96585
133.76 35.351 0.055997 -0.65656 -0.11407 0.96516
133.7 35.381 -0.0031331 -0.65312 -0.11381 0.96635
133.91 35.444 -0.00025452 -0.66743 -0.11475 0.96123
133.84 35.303 0.0054913 -0.6609 -0.11439 0.96362
133.98 35.306 0.00075985 -0.67003 -0.11499 0.96024
133.74 35.459 -0.036122 -0.6565 -0.11401 0.96518
133.7 35.464 -0.020972 -0.65422 -0.11385 0.96597
133.79 35.452 -0.042661 -0.6597 -0.11424 0.96405
133.95 35.481 0.014045 -0.67021 -0.11491 0.96018
133.75 35.435 -0.047206 -0.65724 -0.11408 0.96492
133.77 35.331 0.03438 -0.65689 -0.1141 0.96504
133.7 35.3 0.012134 -0.65202 -0.11376 0.96672
133.77 35.498 -0.027214 -0.65915 -0.11418 0.96425
133.71 35.372 0.016729 -0.65342 -0.11383 0.96625
133.92 35.321 -0.014634 -0.66669 -0.11477 0.9615
133.76 35.424 -0.043745 -0.65766 -0.11411 0.96477
133.94 35.489 0.0063013 -0.67008 -0.1149 0.96023
133.54 35.353 -0.02305 -0.64172 -0.11295 0.97012
133.85 35.007 -0.01642 -0.6576 -0.11431 0.96478
133.74 35.096 -0.015548 -0.65195 -0.11385 0.96674
133.55 35.238 -0.020589 -0.64099 -0.11294 0.97035
133.95 35.108 -0.021898 -0.6652 -0.11478 0.96204
134.14 35.193 0.0010702 -0.67862 -0.11557 0.9569
134.16 35.122 -0.018162 -0.67918 -0.11565 0.95668
134.13 35.056 -0.02019 -0.67615 -0.11551 0.95787
134.04 35.429 0.055896 -0.67507 -0.11523 0.95831
134.06 35.21 -0.00011913 -0.67406 -0.11529 0.95869
133.47 35.283 -0.013384 -0.63563 -0.11249 0.97203
133.75 35.026 -0.012053 -0.6511 -0.11382 0.96703
133.76 35.008 -0.015842 -0.65141 -0.11385 0.96692
133.58 35.357 -0.013938 -0.64426 -0.11315 0.9693
133.54 35.234 -0.032047 -0.6399 -0.11286 0.9707
134.21 35.167 -0.018817 -0.68258 -0.11581 0.9553
133.99 35.265 -0.0056716 -0.67026 -0.11503 0.96016
134.04 35.237 -0.011881 -0.67304 -0.11522 0.95909
133.44 35.285 -0.011346 -0.63414 -0.11236 0.97248
134.06 35.287 -0.0025965 -0.67511 -0.11531 0.95829
133.48 35.195 -0.016858 -0.63498 -0.11247 0.97222
133.55 35.059 -0.014016 -0.63829 -0.1128 0.9712
134.26 35.103 -0.017928 -0.68497 -0.11598 0.95432
133.82 35.241 -0.0079891 -0.65906 -0.1143 0.96427
134.13 35.251 -0.031555 -0.67871 -0.11554 0.95687
133.44 35.441 -0.020367 -0.63581 -0.11244 0.97198
133.68 35.063 -0.019696 -0.64707 -0.1135 0.96838
133.61 35.06 -0.014307 -0.64251 -0.11314 0.96986
133.66 35.127 -0.019254 -0.6468 -0.11345 0.96847
134.23 35.073 -0.013605 -0.68278 -0.11588 0.95522
133.65 35.054 -0.017694 -0.64497 -0.11334 0.96907
134.18 35.417 0.027127 -0.684 -0.11574 0.95473
134.12 35.359 0.0020625 -0.67928 -0.11551 0.95665
134.01 35.236 -0.010459 -0.67114 -0.1151 0.95982
133.44 35.402 -0.020549 -0.63566 -0.11244 0.97202
133.51 35.049 -0.006928 -0.6351 -0.11254 0.97219
134.15 35.524 0.015527 -0.68323 -0.11563 0.95505
133.46 35.341 -0.019193 -0.63573 -0.11247 0.972
133.88 35.167 -0.025923 -0.66152 -0.11451 0.96339
134.15 35.145 -0.031423 -0.67875 -0.11561 0.95685
133.86 35.106 -0.012878 -0.65936 -0.11439 0.96416
133.77 35.054 -0.014028 -0.6527 -0.11393 0.96648
133.94 35.203 -0.022096 -0.66646 -0.11482 0.96158
134.15 35.178 -0.018589 -0.67896 -0.1156 0.95677
133.64 35.349 0.028175 -0.64874 -0.1135 0.96783
133.63 35.366 0.0065278 -0.64798 -0.11343 0.96808
133.46 35.139 -0.022299 -0.63319 -0.11234 0.97277
133.52 35.002 -0.020781 -0.63536 -0.11258 0.97211
133.75 35.106 -0.013759 -0.65217 -0.11387 0.96667
134.17 35.526 0.014474 -0.68448 -0.1157 0.95454
133.64 35.022 -0.0056711 -0.64379 -0.11326 0.96945
134.11 35.276 0.013296 -0.6779 -0.11548 0.95719
134.01 35.324 0.016204 -0.67218 -0.11512 0.95942
134.03 35.423 0.064534 -0.67488 -0.11522 0.95838
134.09 35.147 -0.021896 -0.6751 -0.11539 0.95829
133.92 35.501 -0.0057324 -0.66858 -0.1148 0.9608
133.51 35 -0.018581 -0.63446 -0.1125 0.97238
134.16 35.058 -0.0161 -0.67827 -0.11563 0.95703
134.2 35.11 -0.019301 -0.68134 -0.11578 0.9558
133.63 35.143 -0.011757 -0.64487 -0.11329 0.9691
134.05 35.323 0.0087323 -0.67481 -0.11527 0.95841
134.16 35.171 -0.0092045 -0.67982 -0.11565 0.95642
134.27 35.082 -0.016762 -0.68486 -0.11599 0.95437
134.22 35.05 -0.015978 -0.68164 -0.11583 0.95568
133.89 35.12 -0.021396 -0.66183 -0.11455 0.96327
134.12 35.123 -0.025043 -0.67672 -0.1155 0.95765
133.57 35.05 -0.0051096 -0.63966 -0.11291 0.97077
133.53 35.28 -0.020214 -0.63981 -0.11283 0.97073
133.64 35.301 -0.0020572 -0.64768 -0.11344 0.96818
133.5 35.295 -0.017862 -0.63804 -0.11268 0.97128
133.64 35.471 -0.017594 -0.65035 -0.11356 0.96729
133.69 35.187 -0.012669 -0.64963 -0.11364 0.96753
133.76 35.263 0.0015543 -0.65518 -0.11401 0.96564
133.89 35.237 -0.017199 -0.66369 -0.11462 0.96261
134.04 35.221 -0.013288 -0.67277 -0.11521 0.9592
133.73 35.16 -0.015137 -0.65179 -0.11381 0.9668
133.48 35.488 -0.0027929 -0.63981 -0.11275 0.97073
134.19 35.227 -0.00083147 -0.68203 -0.11575 0.95553
133.76 35 -0.014012 -0.65128 -0.11385 0.96697
133.57 34.951 -0.012574 -0.63757 -0.11278 0.97142
133.6 35.208 -0.020367 -0.64375 -0.11317 0.96947
134.02 35.135 -0.048718 -0.67022 -0.1151 0.96017
133.43 35.283 -0.015092 -0.63286 -0.11226 0.97287
134.05 35.432 0.059053 -0.67599 -0.11528 0.95795
134.18 35.254 -0.0086949 -0.682 -0.11573 0.95555
134.02 35.52 0.013481 -0.67519 -0.11519 0.95827
134.18 35.063 -0.011365 -0.67913 -0.11568 0.95669
133.79 35.095 -0.011648 -0.65486 -0.11407 0.96574
133.51 35.442 -0.014847 -0.64077 -0.11284 0.97043
133.61 35.307 -0.0084266 -0.64581 -0.11329 0.9688
133.53 35.302 -0.025442 -0.64058 -0.11288 0.97048
134.1 35.177 -0.0057467 -0.67592 -0.11542 0.95797
134.16 35.512 0.0087534 -0.68394 -0.11568 0.95476
133.65 35.307 -0.0044004 -0.64843 -0.11349 0.96793
133.9 35.199 -0.020772 -0.66371 -0.11464 0.9626
133.7 35.234 -0.0027535 -0.65084 -0.11371 0.96712
133.52 35.295 -0.018711 -0.63924 -0.11278 0.97091
133.98 35.139 -0.023215 -0.66816 -0.11496 0.96094
133.78 35.192 -0.0045127 -0.65582 -0.11409 0.96541
133.67 35.035 -0.010403 -0.64588 -0.11342 0.96877
133.88 35.187 -0.018018 -0.66213 -0.11454 0.96317
133.77 35.258 0.0020297 -0.65571 -0.11405 0.96545
133.6 35.474 0.0047536 -0.64768 -0.11336 0.96819
133.53 35.006 -0.022831 -0.63572 -0.11261 0.97199
134.02 35.006 -0.013259 -0.66872 -0.11507 0.96073
133.86 35.022 -0.017465 -0.65859 -0.11437 0.96443
133.53 35.15 -0.022454 -0.63801 -0.11274 0.97129
133.54 35.156 -0.019407 -0.63868 -0.11279 0.97108
134.15 35.443 0.023493 -0.68237 -0.11563 0.9554
133.62 35.299 -0.013463 -0.64672 -0.11337 0.9685
133.86 35.244 -0.012675 -0.66124 -0.11445 0.96349
133.62 35.172 -0.01704 -0.64442 -0.11324 0.96925
133.62 35.147 -0.0095885 -0.64453 -0.11326 0.96921
133.89 35.196 -0.018758 -0.66302 -0.11459 0.96285
133.93 35.022 -0.010046 -0.66287 -0.11467 0.9629
134.13 35.039 -0.016302 -0.676 -0.11551 0.95793
134.19 35.323 0.0077879 -0.6831 -0.11575 0.9551
133.56 35.364 -0.022331 -0.64344 -0.11308 0.96957
134.09 35.412 0.03446 -0.67806 -0.11541 0.95713
133.79 35.065 -0.012225 -0.65472 -0.11407 0.96579
133.66 35.344 0.034708 -0.64961 -0.11357 0.96754
133.66 35.166 -0.012117 -0.6475 -0.11349 0.96824
133.49 34.959 -0.013598 -0.6327 -0.11237 0.97291
133.61 34.999 -0.01034 -0.64132 -0.11307 0.97024
133.96 35.155 -0.024247 -0.66675 -0.11486 0.96147
133.79 35.037 -0.01918 -0.65405 -0.11404 0.96602
134.14 35.529 0.011854 -0.68256 -0.11559 0.95533
133.4 35.373 -0.013887 -0.63234 -0.11218 0.97303
133.64 35.487 -0.017837 -0.65039 -0.11356 0.96728
134.04 35.133 -0.035977 -0.67186 -0.1152 0.95954
133.66 35.325 0.023415 -0.64975 -0.11358 0.96749
133.99 35.067 -0.013748 -0.66771 -0.11497 0.96111
133.52 35.321 -0.025084 -0.64003 -0.11283 0.97066
134.02 35.49 0.012797 -0.67523 -0.11521 0.95825
133.89 35.139 -0.014503 -0.66183 -0.11454 0.96327
133.55 35.032 -0.019476 -0.6375 -0.11274 0.97145
133.49 35.34 -0.020106 -0.63821 -0.11268 0.97123
133.55 35.51 -0.018461 -0.64484 -0.11313 0.96912
134.04 35.524 0.011325 -0.67667 -0.11527 0.95769
133.68 34.992 -0.013656 -0.64604 -0.11345 0.96872
133.67 35.115 -0.035362 -0.64713 -0.11348 0.96836
134.01 35.017 -0.012554 -0.66791 -0.11501 0.96104
133.71 35.28 0.013828 -0.65195 -0.11377 0.96674
133.6 35.186 -0.022414 -0.64351 -0.11317 0.96954
133.75 35.025 -0.013669 -0.65095 -0.11381 0.96708
133.83 35.062 -0.013874 -0.65734 -0.11426 0.96487
134.09 35.314 -0.0033662 -0.67704 -0.11541 0.95753
133.95 35.252 -0.016409 -0.66758 -0.11487 0.96117
134.02 35.304 0.018159 -0.67243 -0.11514 0.95933
133.48 35.344 -0.019 -0.63741 -0.11261 0.97148
133.89 35.052 -0.010525 -0.66114 -0.11454 0.96352
134.17 35.383 0.014787 -0.68284 -0.1157 0.95521
133.63 35.462 -0.0090861 -0.64973 -0.11352 0.9675
134.08 35.439 0.018141 -0.67811 -0.1154 0.95711
133.67 35.258 0.0076969 -0.64953 -0.1136 0.96756
134.2 35.091 -0.020589 -0.68105 -0.11577 0.95592
133.8 35.028 -0.024922 -0.65455 -0.11408 0.96585
134.16 35.427 0.020217 -0.68264 -0.11566 0.95529
133.95 35.074 -0.010227 -0.66534 -0.11481 0.96199
133.47 35.41 -0.014889 -0.63744 -0.11259 0.97147
134.03 35.517 0.027129 -0.67596 -0.11523 0.95797
134.19 35.118 -0.0024119 -0.68048 -0.11572 0.95615
134.14 35.383 0.033824 -0.68098 -0.11559 0.95596
134.17 35.21 0.017093 -0.68047 -0.11567 0.95616
133.49 35.222 -0.02387 -0.63656 -0.11259 0.97174
134.17 35.362 0.025053 -0.68274 -0.1157 0.95525
134.14 35.3 0.005259 -0.67985 -0.11558 0.95641
133.52 35.406 -0.020778 -0.64117 -0.11289 0.9703
133.58 35.441 -0.0038005 -0.64547 -0.11321 0.96891
133.64 35.276 0.005811 -0.64773 -0.11345 0.96816
133.45 35.477 -0.010986 -0.63723 -0.11254 0.97154
134.1 35.409 0.044059 -0.67864 -0.11545 0.9569
133.47 35.193 -0.022794 -0.63468 -0.11244 0.97232
133.55 35.464 -0.017889 -0.64373 -0.11307 0.96948
134.13 35.212 0.011855 -0.67801 -0.11553 0.95714
133.41 35.423 -0.014493 -0.63358 -0.11226 0.97266
133.51 35.223 -0.025251 -0.63783 -0.11269 0.97135
133.98 35.277 -0.012544 -0.66943 -0.11497 0.96047
133.62 35.052 -0.0068107 -0.64281 -0.11317 0.96977
133.68 35.266 0.00316 -0.65011 -0.11364 0.96737
133.61 35.445 -0.0012175 -0.64788 -0.11339 0.96812
134.26 35.064 -0.008334 -0.68412 -0.11596 0.95467
133.82 35.103 -0.018019 -0.65677 -0.1142 0.96508
133.89 35.191 -0.019115 -0.66306 -0.1146 0.96283
133.68 34.993 -0.01385 -0.64636 -0.11347 0.96861
133.5 35.071 -0.0194 -0.63456 -0.11248 0.97235
134.06 35.082 -0.017365 -0.67198 -0.11524 0.95949
133.92 35.273 -0.010237 -0.66582 -0.11474 0.96182
133.93 35.057 -0.0094776 -0.66351 -0.1147 0.96267
134.04 35.419 0.065522 -0.67517 -0.11524 0.95827
133.69 35.1 -0.0081894 -0.64863 -0.1136 0.96786
134.1 35.14 -0.035527 -0.67549 -0.11542 0.95814
133.94 34.999 -0.013047 -0.66347 -0.11472 0.96268
134.2 35.118 -0.013907 -0.68113 -0.11576 0.95589
134.05 35.202 -0.010826 -0.67335 -0.11525 0.95897
133.5 35.021 -0.013513 -0.63401 -0.11246 0.97252
133.7 35.119 -0.020802 -0.64954 -0.11366 0.96756
133.79 35.199 -0.011025 -0.65618 -0.11411 0.96529
134.07 35.511 0.014374 -0.67822 -0.11536 0.95707
133.61 35.069 -0.018337 -0.64253 -0.11314 0.96986
133.93 34.994 -0.0097939 -0.66296 -0.11469 0.96286
133.78 35.034 -0.0018907 -0.65365 -0.11401 0.96616
133.89 35.251 -0.013194 -0.6637 -0.11461 0.9626
133.6 35.139 -0.018238 -0.64259 -0.11311 0.96984
134.08 35.433 0.024334 -0.67807 -0.1154 0.95713
133.94 35.182 -0.029563 -0.66574 -0.11478 0.96185
134.16 35.43 0.022988 -0.68288 -0.11567 0.95519
134.08 35.468 0.022161 -0.67829 -0.11539 0.95704
133.92 35.279 -0.0098163 -0.66563 -0.11472 0.96189
134.24 35.158 -0.018604 -0.68411 -0.1159 0.95468
134.2 35.248 0.0091321 -0.68281 -0.11578 0.95521
133.74 34.992 -0.0069852 -0.6503 -0.11378 0.9673
133.52 35.131 -0.011611 -0.63678 -0.11264 0.97167
133.54 34.941 -0.011059 -0.63589 -0.11264 0.97194
133.57 34.957 -0.013531 -0.63803 -0.11282 0.97128
134.26 35.045 -0.0081709 -0.68422 -0.11598 0.95463
134.23 35.035 -0.010618 -0.68181 -0.11585 0.95561
134.16 35.035 -0.015045 -0.67783 -0.11562 0.95721
133.8 35.168 -0.010715 -0.6566 -0.11416 0.96514
133.66 35.355 0.044567 -0.65024 -0.11361 0.96733
133.84 35.006 -0.011341 -0.65728 -0.11429 0.96489
134.2 35.241 0.0017407 -0.68262 -0.11577 0.95529
133.62 35.047 -0.0075423 -0.64287 -0.11317 0.96975
133.58 35.027 -0.014722 -0.63949 -0.11291 0.97082
134.25 35.193 -0.0076663 -0.68505 -0.11593 0.95429
134.15 35.256 0.00064777 -0.67969 -0.1156 0.95647
133.46 35.166 -0.019683 -0.6337 -0.11237 0.97262
133.59 35.057 -0.0074969 -0.64058 -0.11298 0.97048
133.73 35.132 -0.019649 -0.65125 -0.11378 0.96698
134.18 35.223 0.0034317 -0.68144 -0.11571 0.95577
133.63 35.171 -0.016477 -0.64541 -0.11332 0.96892
133.85 35.222 -0.0075305 -0.66036 -0.1144 0.96381
133.56 35.495 -0.0041691 -0.64516 -0.11316 0.96901
133.48 35.259 -0.024925 -0.63624 -0.11255 0.97184
133.89 35.196 -0.014771 -0.66253 -0.11456 0.96303
133.72 35.091 -0.015879 -0.64996 -0.11371 0.96742
133.8 35.129 -0.014994 -0.65586 -0.11413 0.9654
133.62 35.022 -0.018354 -0.64213 -0.11312 0.96998
133.77 35.086 -0.013631 -0.65362 -0.11398 0.96617
133.64 35.458 -0.0072948 -0.65024 -0.11356 0.96733
134.08 35.521 0.015671 -0.67906 -0.11541 0.95674
133.5 35.127 -0.016811 -0.63578 -0.11256 0.97198
133.93 35.222 -0.017334 -0.6658 -0.11476 0.96183
134.11 35.294 0.0072253 -0.67793 -0.11547 0.95718
133.63 34.981 -0.01228 -0.64262 -0.11318 0.96983
133.91 35.222 -0.016745 -0.66419 -0.11466 0.96242
133.74 35.097 -0.015625 -0.65184 -0.11384 0.96678
133.66 35.217 -0.0019618 -0.64803 -0.1135 0.96806
133.98 35.123 -0.026628 -0.66773 -0.11494 0.96111
133.86 35.007 -0.015521 -0.65854 -0.11438 0.96445
133.4 35.462 -0.015109 -0.63398 -0.11228 0.97254
133.55 35.135 -0.023156 -0.63935 -0.11285 0.97087
133.57 35.515 -0.016343 -0.64584 -0.11321 0.96879
134.22 35.157 -0.020626 -0.68302 -0.11584 0.95512
134.14 35.307 -0.001099 -0.67974 -0.11557 0.95646
134.2 35.245 0.0048658 -0.68272 -0.11577 0.95525
133.79 35.107 -0.017963 -0.65521 -0.11409 0.96562
134.15 35.255 0.0005801 -0.67969 -0.1156 0.95648
134.16 35.503 0.0091839 -0.68376 -0.11567 0.95483
133.89 35.07 -0.0062593 -0.66125 -0.11454 0.96348
133.66 35.009 -0.017326 -0.64515 -0.11337 0.96901
134.18 35.038 -0.0086145 -0.67937 -0.11571 0.95659
134.06 35.495 0.021778 -0.67728 -0.11532 0.95744
133.74 35.081 -0.012948 -0.65141 -0.11382 0.96693
133.48 35.401 -0.021911 -0.63802 -0.11264 0.97129
133.89 35.248 -0.015446 -0.6638 -0.11462 0.96256
133.51 35.392 -0.038181 -0.64027 -0.11282 0.97058
134.06 35.404 0.0068667 -0.67639 -0.11532 0.95779
133.62 35.08 -0.027477 -0.64349 -0.11321 0.96955
134.26 35.066 -0.010269 -0.68428 -0.11597 0.95461
134.2 35.214 0.031802 -0.68257 -0.11578 0.95531
133.48 35.139 -0.021148 -0.63466 -0.11246 0.97232
133.86 35.215 -0.0051431 -0.66134 -0.11447 0.96345
133.54 35.179 -0.022089 -0.639 -0.11281 0.97098
134.04 35.524 0.012359 -0.67649 -0.11526 0.95776
134.22 35.096 -0.01736 -0.68215 -0.11583 0.95548
134.02 35.424 0.030673 -0.67408 -0.11517 0.9587
133.67 35.039 -0.020039 -0.64614 -0.11344 0.96868
134.14 35.267 -0.0013473 -0.67953 -0.11558 0.95654
134.18 35.273 -0.006189 -0.68219 -0.11573 0.95546
133.76 35.28 0.012254 -0.65531 -0.11401 0.96559
133.68 35.203 -0.012278 -0.64883 -0.11357 0.9678
134.11 35.12 -0.02434 -0.67602 -0.11546 0.95793
134.13 35.351 0.024836 -0.68001 -0.11556 0.95635
133.5 35.508 -0.01342 -0.64145 -0.11287 0.97021
134.15 35.031 -0.014694 -0.67683 -0.11556 0.9576
133.7 34.999 -0.010816 -0.64741 -0.11355 0.96826
133.78 35.507 -0.055466 -0.66004 -0.11423 0.96393
134.07 35.097 -0.017515 -0.67327 -0.11531 0.959
133.72 34.978 -0.011264 -0.64834 -0.11363 0.96795
133.53 34.938 -0.014139 -0.63506 -0.11258 0.9722
133.47 35.318 -0.0097712 -0.63621 -0.11252 0.97185
134.07 35.507 0.017235 -0.67796 -0.11535 0.95718
133.82 35.051 -0.01037 -0.65661 -0.11422 0.96513
134.22 35.312 0.017166 -0.68498 -0.11585 0.95433
134.06 35.03 -0.020903 -0.6714 -0.11523 0.95971
134.07 35.108 -0.019616 -0.67283 -0.11528 0.95917
133.68 34.997 -0.013963 -0.64638 -0.11347 0.9686
134.05 35.31 0.028016 -0.67425 -0.11525 0.95863
133.66 35.077 -0.010549 -0.64623 -0.11343 0.96865
133.76 35.015 -0.0087307 -0.65163 -0.11387 0.96685
134.13 35.351 0.0081093 -0.67967 -0.11554 0.95649
133.64 35.308 -0.0059222 -0.64791 -0.11345 0.9681
133.92 35.141 -0.022013 -0.66416 -0.1147 0.96243
133.55 35.514 -0.024797 -0.64495 -0.11314 0.96908
133.93 35.132 -0.018611 -0.66476 -0.11474 0.96221
134.19 35.063 -0.011411 -0.6799 -0.11572 0.95639
134 35.246 -0.012524 -0.67065 -0.11506 0.96001
134.18 35.157 -0.024551 -0.68065 -0.11571 0.95609
134.02 35.47 0.019218 -0.67441 -0.11517 0.95857
133.51 35.49 -0.0068001 -0.6414 -0.11287 0.97023
134.12 35.211 0.018723 -0.67774 -0.11551 0.95725
134.01 35.046 -0.016589 -0.66852 -0.11504 0.96081
133.95 35.212 -0.021921 -0.66691 -0.11484 0.96142
133.7 35.012 -0.013323 -0.64805 -0.1136 0.96805
133.5 35.471 -0.0064361 -0.64064 -0.11282 0.97047
133.81 35.19 -0.013679 -0.6573 -0.1142 0.96489
133.52 35.235 -0.024515 -0.63894 -0.11278 0.971
133.52 35.212 -0.021355 -0.63858 -0.11276 0.97111
133.99 35.529 0.0040863 -0.67376 -0.1151 0.95882
133.53 35.005 -0.018684 -0.63627 -0.11265 0.97183
134.07 35.242 -0.017643 -0.67466 -0.11531 0.95846
134.1 35.432 0.025945 -0.67915 -0.11546 0.9567
134.2 35.08 -0.014634 -0.68084 -0.11577 0.95601
133.63 35.381 0.039392 -0.64816 -0.11344 0.96803
134.19 35.337 0.01464 -0.68362 -0.11577 0.95488
133.99 35.013 -0.019097 -0.66657 -0.11493 0.96153
133.97 35.162 -0.037987 -0.66737 -0.1149 0.96124
134.19 35.191 -0.0078489 -0.68147 -0.11574 0.95576
